Number of planted triclusters: 5
Tricluster coverage: 0.24928%
Missing values on dataset: 0.0%
Noise values on dataset: 0.0%
Errors on dataset: 0.0%


(55, 3, 2), X=[39,51,71,76,94,96,97,109,120,129,170,179,187,191,209,219,275,311,317,344,345,363,366,376,387,395,407,408,461,472,482,492,504,516,517,522,548,568,569,574,633,697,722,762,773,778,794,799,813,861,887,888,927,931,975], Y=[6,32,47], Z=[5,17], RowPattern=Constant, ColumnPattern=Constant, ContextPattern=Constant, %Missings=0, %Noise=0, %Errors=0 PlaidCoherency=None

Context: 5
X	y6	y32	y47
x39	0	0	0
x51	0	0	0
x71	0	0	0
x76	0	0	0
x94	0	0	0
x96	0	0	0
x97	0	0	0
x109	0	0	0
x120	0	0	0
x129	0	0	0
x170	0	0	0
x179	0	0	0
x187	0	0	0
x191	0	0	0
x209	0	0	0
x219	0	0	0
x275	0	0	0
x311	0	0	0
x317	0	0	0
x344	0	0	0
x345	0	0	0
x363	0	0	0
x366	0	0	0
x376	0	0	0
x387	0	0	0
x395	0	0	0
x407	0	0	0
x408	0	0	0
x461	0	0	0
x472	0	0	0
x482	0	0	0
x492	0	0	0
x504	0	0	0
x516	0	0	0
x517	0	0	0
x522	0	0	0
x548	0	0	0
x568	0	0	0
x569	0	0	0
x574	0	0	0
x633	0	0	0
x697	0	0	0
x722	0	0	0
x762	0	0	0
x773	0	0	0
x778	0	0	0
x794	0	0	0
x799	0	0	0
x813	0	0	0
x861	0	0	0
x887	0	0	0
x888	0	0	0
x927	0	0	0
x931	0	0	0
x975	0	0	0

Context: 17
X	y6	y32	y47
x39	0	0	0
x51	0	0	0
x71	0	0	0
x76	0	0	0
x94	0	0	0
x96	0	0	0
x97	0	0	0
x109	0	0	0
x120	0	0	0
x129	0	0	0
x170	0	0	0
x179	0	0	0
x187	0	0	0
x191	0	0	0
x209	0	0	0
x219	0	0	0
x275	0	0	0
x311	0	0	0
x317	0	0	0
x344	0	0	0
x345	0	0	0
x363	0	0	0
x366	0	0	0
x376	0	0	0
x387	0	0	0
x395	0	0	0
x407	0	0	0
x408	0	0	0
x461	0	0	0
x472	0	0	0
x482	0	0	0
x492	0	0	0
x504	0	0	0
x516	0	0	0
x517	0	0	0
x522	0	0	0
x548	0	0	0
x568	0	0	0
x569	0	0	0
x574	0	0	0
x633	0	0	0
x697	0	0	0
x722	0	0	0
x762	0	0	0
x773	0	0	0
x778	0	0	0
x794	0	0	0
x799	0	0	0
x813	0	0	0
x861	0	0	0
x887	0	0	0
x888	0	0	0
x927	0	0	0
x931	0	0	0
x975	0	0	0

(484, 2, 2), X=[0,1,3,6,8,9,10,11,14,15,17,20,22,23,28,32,37,39,41,42,43,48,49,53,54,59,61,62,69,70,71,72,73,75,79,80,83,84,85,87,95,97,99,100,103,105,107,108,109,111,112,113,115,117,119,121,125,126,127,129,131,132,133,136,140,141,142,143,144,145,148,149,151,152,153,155,157,159,160,165,168,169,171,176,177,178,179,183,186,188,189,192,193,194,196,198,199,200,202,203,205,207,208,209,210,211,213,215,218,220,221,222,223,227,229,231,232,233,235,236,238,243,244,245,246,247,248,249,253,262,263,265,268,269,270,271,275,277,278,279,282,285,287,289,291,292,293,294,295,301,302,304,307,309,311,312,313,316,318,319,323,324,325,326,327,328,332,333,334,335,337,338,339,340,341,343,344,345,349,351,352,358,363,368,370,372,375,382,383,384,386,387,388,389,401,402,403,407,408,409,412,413,417,418,421,423,426,429,431,432,433,435,436,437,438,441,446,452,453,454,456,457,462,464,465,467,468,470,474,475,476,477,478,479,480,482,483,489,492,493,494,496,497,498,501,504,505,507,509,511,519,521,522,524,526,531,536,539,542,546,547,549,550,551,553,554,555,558,560,564,566,567,570,571,573,575,576,577,582,583,585,587,588,589,591,592,593,595,597,602,604,609,610,612,614,615,616,617,620,623,624,626,627,628,629,631,632,633,635,636,637,638,643,646,648,652,654,656,657,658,660,661,666,671,672,673,674,676,677,678,680,683,686,687,690,691,693,694,698,699,700,704,708,709,710,712,713,714,716,718,719,720,726,727,729,730,731,734,735,744,745,747,752,755,756,758,760,763,764,766,767,768,770,773,774,778,780,782,785,787,788,790,791,792,795,796,797,799,805,807,814,815,817,819,821,822,824,825,829,830,832,834,835,837,838,840,841,842,843,844,845,847,848,849,851,852,858,861,862,863,864,865,867,868,870,872,877,880,883,885,886,887,889,892,893,895,896,898,900,901,902,903,904,906,907,908,911,915,916,919,921,924,925,930,932,933,937,940,941,942,944,947,950,952,953,955,957,960,962,964,965,967,968,971,974,975,980,981,982,990,993,996,998,999], Y=[8,9], Z=[13,45], RowPattern=Constant, ColumnPattern=Constant, ContextPattern=Constant, %Missings=0, %Noise=0, %Errors=0 PlaidCoherency=None

Context: 13
X	y8	y9
x0	4	4
x1	4	4
x3	4	4
x6	4	4
x8	4	4
x9	4	4
x10	4	4
x11	4	4
x14	4	4
x15	4	4
x17	4	4
x20	4	4
x22	4	4
x23	4	4
x28	4	4
x32	4	4
x37	4	4
x39	4	4
x41	4	4
x42	4	4
x43	4	4
x48	4	4
x49	4	4
x53	4	4
x54	4	4
x59	4	4
x61	4	4
x62	4	4
x69	4	4
x70	4	4
x71	4	4
x72	4	4
x73	4	4
x75	4	4
x79	4	4
x80	4	4
x83	4	4
x84	4	4
x85	4	4
x87	4	4
x95	4	4
x97	4	4
x99	4	4
x100	4	4
x103	4	4
x105	4	4
x107	4	4
x108	4	4
x109	4	4
x111	4	4
x112	4	4
x113	4	4
x115	4	4
x117	4	4
x119	4	4
x121	4	4
x125	4	4
x126	4	4
x127	4	4
x129	4	4
x131	4	4
x132	4	4
x133	4	4
x136	4	4
x140	4	4
x141	4	4
x142	4	4
x143	4	4
x144	4	4
x145	4	4
x148	4	4
x149	4	4
x151	4	4
x152	4	4
x153	4	4
x155	4	4
x157	4	4
x159	4	4
x160	4	4
x165	4	4
x168	4	4
x169	4	4
x171	4	4
x176	4	4
x177	4	4
x178	4	4
x179	4	4
x183	4	4
x186	4	4
x188	4	4
x189	4	4
x192	4	4
x193	4	4
x194	4	4
x196	4	4
x198	4	4
x199	4	4
x200	4	4
x202	4	4
x203	4	4
x205	4	4
x207	4	4
x208	4	4
x209	4	4
x210	4	4
x211	4	4
x213	4	4
x215	4	4
x218	4	4
x220	4	4
x221	4	4
x222	4	4
x223	4	4
x227	4	4
x229	4	4
x231	4	4
x232	4	4
x233	4	4
x235	4	4
x236	4	4
x238	4	4
x243	4	4
x244	4	4
x245	4	4
x246	4	4
x247	4	4
x248	4	4
x249	4	4
x253	4	4
x262	4	4
x263	4	4
x265	4	4
x268	4	4
x269	4	4
x270	4	4
x271	4	4
x275	4	4
x277	4	4
x278	4	4
x279	4	4
x282	4	4
x285	4	4
x287	4	4
x289	4	4
x291	4	4
x292	4	4
x293	4	4
x294	4	4
x295	4	4
x301	4	4
x302	4	4
x304	4	4
x307	4	4
x309	4	4
x311	4	4
x312	4	4
x313	4	4
x316	4	4
x318	4	4
x319	4	4
x323	4	4
x324	4	4
x325	4	4
x326	4	4
x327	4	4
x328	4	4
x332	4	4
x333	4	4
x334	4	4
x335	4	4
x337	4	4
x338	4	4
x339	4	4
x340	4	4
x341	4	4
x343	4	4
x344	4	4
x345	4	4
x349	4	4
x351	4	4
x352	4	4
x358	4	4
x363	4	4
x368	4	4
x370	4	4
x372	4	4
x375	4	4
x382	4	4
x383	4	4
x384	4	4
x386	4	4
x387	4	4
x388	4	4
x389	4	4
x401	4	4
x402	4	4
x403	4	4
x407	4	4
x408	4	4
x409	4	4
x412	4	4
x413	4	4
x417	4	4
x418	4	4
x421	4	4
x423	4	4
x426	4	4
x429	4	4
x431	4	4
x432	4	4
x433	4	4
x435	4	4
x436	4	4
x437	4	4
x438	4	4
x441	4	4
x446	4	4
x452	4	4
x453	4	4
x454	4	4
x456	4	4
x457	4	4
x462	4	4
x464	4	4
x465	4	4
x467	4	4
x468	4	4
x470	4	4
x474	4	4
x475	4	4
x476	4	4
x477	4	4
x478	4	4
x479	4	4
x480	4	4
x482	4	4
x483	4	4
x489	4	4
x492	4	4
x493	4	4
x494	4	4
x496	4	4
x497	4	4
x498	4	4
x501	4	4
x504	4	4
x505	4	4
x507	4	4
x509	4	4
x511	4	4
x519	4	4
x521	4	4
x522	4	4
x524	4	4
x526	4	4
x531	4	4
x536	4	4
x539	4	4
x542	4	4
x546	4	4
x547	4	4
x549	4	4
x550	4	4
x551	4	4
x553	4	4
x554	4	4
x555	4	4
x558	4	4
x560	4	4
x564	4	4
x566	4	4
x567	4	4
x570	4	4
x571	4	4
x573	4	4
x575	4	4
x576	4	4
x577	4	4
x582	4	4
x583	4	4
x585	4	4
x587	4	4
x588	4	4
x589	4	4
x591	4	4
x592	4	4
x593	4	4
x595	4	4
x597	4	4
x602	4	4
x604	4	4
x609	4	4
x610	4	4
x612	4	4
x614	4	4
x615	4	4
x616	4	4
x617	4	4
x620	4	4
x623	4	4
x624	4	4
x626	4	4
x627	4	4
x628	4	4
x629	4	4
x631	4	4
x632	4	4
x633	4	4
x635	4	4
x636	4	4
x637	4	4
x638	4	4
x643	4	4
x646	4	4
x648	4	4
x652	4	4
x654	4	4
x656	4	4
x657	4	4
x658	4	4
x660	4	4
x661	4	4
x666	4	4
x671	4	4
x672	4	4
x673	4	4
x674	4	4
x676	4	4
x677	4	4
x678	4	4
x680	4	4
x683	4	4
x686	4	4
x687	4	4
x690	4	4
x691	4	4
x693	4	4
x694	4	4
x698	4	4
x699	4	4
x700	4	4
x704	4	4
x708	4	4
x709	4	4
x710	4	4
x712	4	4
x713	4	4
x714	4	4
x716	4	4
x718	4	4
x719	4	4
x720	4	4
x726	4	4
x727	4	4
x729	4	4
x730	4	4
x731	4	4
x734	4	4
x735	4	4
x744	4	4
x745	4	4
x747	4	4
x752	4	4
x755	4	4
x756	4	4
x758	4	4
x760	4	4
x763	4	4
x764	4	4
x766	4	4
x767	4	4
x768	4	4
x770	4	4
x773	4	4
x774	4	4
x778	4	4
x780	4	4
x782	4	4
x785	4	4
x787	4	4
x788	4	4
x790	4	4
x791	4	4
x792	4	4
x795	4	4
x796	4	4
x797	4	4
x799	4	4
x805	4	4
x807	4	4
x814	4	4
x815	4	4
x817	4	4
x819	4	4
x821	4	4
x822	4	4
x824	4	4
x825	4	4
x829	4	4
x830	4	4
x832	4	4
x834	4	4
x835	4	4
x837	4	4
x838	4	4
x840	4	4
x841	4	4
x842	4	4
x843	4	4
x844	4	4
x845	4	4
x847	4	4
x848	4	4
x849	4	4
x851	4	4
x852	4	4
x858	4	4
x861	4	4
x862	4	4
x863	4	4
x864	4	4
x865	4	4
x867	4	4
x868	4	4
x870	4	4
x872	4	4
x877	4	4
x880	4	4
x883	4	4
x885	4	4
x886	4	4
x887	4	4
x889	4	4
x892	4	4
x893	4	4
x895	4	4
x896	4	4
x898	4	4
x900	4	4
x901	4	4
x902	4	4
x903	4	4
x904	4	4
x906	4	4
x907	4	4
x908	4	4
x911	4	4
x915	4	4
x916	4	4
x919	4	4
x921	4	4
x924	4	4
x925	4	4
x930	4	4
x932	4	4
x933	4	4
x937	4	4
x940	4	4
x941	4	4
x942	4	4
x944	4	4
x947	4	4
x950	4	4
x952	4	4
x953	4	4
x955	4	4
x957	4	4
x960	4	4
x962	4	4
x964	4	4
x965	4	4
x967	4	4
x968	4	4
x971	4	4
x974	4	4
x975	4	4
x980	4	4
x981	4	4
x982	4	4
x990	4	4
x993	4	4
x996	4	4
x998	4	4
x999	4	4

Context: 45
X	y8	y9
x0	4	4
x1	4	4
x3	4	4
x6	4	4
x8	4	4
x9	4	4
x10	4	4
x11	4	4
x14	4	4
x15	4	4
x17	4	4
x20	4	4
x22	4	4
x23	4	4
x28	4	4
x32	4	4
x37	4	4
x39	4	4
x41	4	4
x42	4	4
x43	4	4
x48	4	4
x49	4	4
x53	4	4
x54	4	4
x59	4	4
x61	4	4
x62	4	4
x69	4	4
x70	4	4
x71	4	4
x72	4	4
x73	4	4
x75	4	4
x79	4	4
x80	4	4
x83	4	4
x84	4	4
x85	4	4
x87	4	4
x95	4	4
x97	4	4
x99	4	4
x100	4	4
x103	4	4
x105	4	4
x107	4	4
x108	4	4
x109	4	4
x111	4	4
x112	4	4
x113	4	4
x115	4	4
x117	4	4
x119	4	4
x121	4	4
x125	4	4
x126	4	4
x127	4	4
x129	4	4
x131	4	4
x132	4	4
x133	4	4
x136	4	4
x140	4	4
x141	4	4
x142	4	4
x143	4	4
x144	4	4
x145	4	4
x148	4	4
x149	4	4
x151	4	4
x152	4	4
x153	4	4
x155	4	4
x157	4	4
x159	4	4
x160	4	4
x165	4	4
x168	4	4
x169	4	4
x171	4	4
x176	4	4
x177	4	4
x178	4	4
x179	4	4
x183	4	4
x186	4	4
x188	4	4
x189	4	4
x192	4	4
x193	4	4
x194	4	4
x196	4	4
x198	4	4
x199	4	4
x200	4	4
x202	4	4
x203	4	4
x205	4	4
x207	4	4
x208	4	4
x209	4	4
x210	4	4
x211	4	4
x213	4	4
x215	4	4
x218	4	4
x220	4	4
x221	4	4
x222	4	4
x223	4	4
x227	4	4
x229	4	4
x231	4	4
x232	4	4
x233	4	4
x235	4	4
x236	4	4
x238	4	4
x243	4	4
x244	4	4
x245	4	4
x246	4	4
x247	4	4
x248	4	4
x249	4	4
x253	4	4
x262	4	4
x263	4	4
x265	4	4
x268	4	4
x269	4	4
x270	4	4
x271	4	4
x275	4	4
x277	4	4
x278	4	4
x279	4	4
x282	4	4
x285	4	4
x287	4	4
x289	4	4
x291	4	4
x292	4	4
x293	4	4
x294	4	4
x295	4	4
x301	4	4
x302	4	4
x304	4	4
x307	4	4
x309	4	4
x311	4	4
x312	4	4
x313	4	4
x316	4	4
x318	4	4
x319	4	4
x323	4	4
x324	4	4
x325	4	4
x326	4	4
x327	4	4
x328	4	4
x332	4	4
x333	4	4
x334	4	4
x335	4	4
x337	4	4
x338	4	4
x339	4	4
x340	4	4
x341	4	4
x343	4	4
x344	4	4
x345	4	4
x349	4	4
x351	4	4
x352	4	4
x358	4	4
x363	4	4
x368	4	4
x370	4	4
x372	4	4
x375	4	4
x382	4	4
x383	4	4
x384	4	4
x386	4	4
x387	4	4
x388	4	4
x389	4	4
x401	4	4
x402	4	4
x403	4	4
x407	4	4
x408	4	4
x409	4	4
x412	4	4
x413	4	4
x417	4	4
x418	4	4
x421	4	4
x423	4	4
x426	4	4
x429	4	4
x431	4	4
x432	4	4
x433	4	4
x435	4	4
x436	4	4
x437	4	4
x438	4	4
x441	4	4
x446	4	4
x452	4	4
x453	4	4
x454	4	4
x456	4	4
x457	4	4
x462	4	4
x464	4	4
x465	4	4
x467	4	4
x468	4	4
x470	4	4
x474	4	4
x475	4	4
x476	4	4
x477	4	4
x478	4	4
x479	4	4
x480	4	4
x482	4	4
x483	4	4
x489	4	4
x492	4	4
x493	4	4
x494	4	4
x496	4	4
x497	4	4
x498	4	4
x501	4	4
x504	4	4
x505	4	4
x507	4	4
x509	4	4
x511	4	4
x519	4	4
x521	4	4
x522	4	4
x524	4	4
x526	4	4
x531	4	4
x536	4	4
x539	4	4
x542	4	4
x546	4	4
x547	4	4
x549	4	4
x550	4	4
x551	4	4
x553	4	4
x554	4	4
x555	4	4
x558	4	4
x560	4	4
x564	4	4
x566	4	4
x567	4	4
x570	4	4
x571	4	4
x573	4	4
x575	4	4
x576	4	4
x577	4	4
x582	4	4
x583	4	4
x585	4	4
x587	4	4
x588	4	4
x589	4	4
x591	4	4
x592	4	4
x593	4	4
x595	4	4
x597	4	4
x602	4	4
x604	4	4
x609	4	4
x610	4	4
x612	4	4
x614	4	4
x615	4	4
x616	4	4
x617	4	4
x620	4	4
x623	4	4
x624	4	4
x626	4	4
x627	4	4
x628	4	4
x629	4	4
x631	4	4
x632	4	4
x633	4	4
x635	4	4
x636	4	4
x637	4	4
x638	4	4
x643	4	4
x646	4	4
x648	4	4
x652	4	4
x654	4	4
x656	4	4
x657	4	4
x658	4	4
x660	4	4
x661	4	4
x666	4	4
x671	4	4
x672	4	4
x673	4	4
x674	4	4
x676	4	4
x677	4	4
x678	4	4
x680	4	4
x683	4	4
x686	4	4
x687	4	4
x690	4	4
x691	4	4
x693	4	4
x694	4	4
x698	4	4
x699	4	4
x700	4	4
x704	4	4
x708	4	4
x709	4	4
x710	4	4
x712	4	4
x713	4	4
x714	4	4
x716	4	4
x718	4	4
x719	4	4
x720	4	4
x726	4	4
x727	4	4
x729	4	4
x730	4	4
x731	4	4
x734	4	4
x735	4	4
x744	4	4
x745	4	4
x747	4	4
x752	4	4
x755	4	4
x756	4	4
x758	4	4
x760	4	4
x763	4	4
x764	4	4
x766	4	4
x767	4	4
x768	4	4
x770	4	4
x773	4	4
x774	4	4
x778	4	4
x780	4	4
x782	4	4
x785	4	4
x787	4	4
x788	4	4
x790	4	4
x791	4	4
x792	4	4
x795	4	4
x796	4	4
x797	4	4
x799	4	4
x805	4	4
x807	4	4
x814	4	4
x815	4	4
x817	4	4
x819	4	4
x821	4	4
x822	4	4
x824	4	4
x825	4	4
x829	4	4
x830	4	4
x832	4	4
x834	4	4
x835	4	4
x837	4	4
x838	4	4
x840	4	4
x841	4	4
x842	4	4
x843	4	4
x844	4	4
x845	4	4
x847	4	4
x848	4	4
x849	4	4
x851	4	4
x852	4	4
x858	4	4
x861	4	4
x862	4	4
x863	4	4
x864	4	4
x865	4	4
x867	4	4
x868	4	4
x870	4	4
x872	4	4
x877	4	4
x880	4	4
x883	4	4
x885	4	4
x886	4	4
x887	4	4
x889	4	4
x892	4	4
x893	4	4
x895	4	4
x896	4	4
x898	4	4
x900	4	4
x901	4	4
x902	4	4
x903	4	4
x904	4	4
x906	4	4
x907	4	4
x908	4	4
x911	4	4
x915	4	4
x916	4	4
x919	4	4
x921	4	4
x924	4	4
x925	4	4
x930	4	4
x932	4	4
x933	4	4
x937	4	4
x940	4	4
x941	4	4
x942	4	4
x944	4	4
x947	4	4
x950	4	4
x952	4	4
x953	4	4
x955	4	4
x957	4	4
x960	4	4
x962	4	4
x964	4	4
x965	4	4
x967	4	4
x968	4	4
x971	4	4
x974	4	4
x975	4	4
x980	4	4
x981	4	4
x982	4	4
x990	4	4
x993	4	4
x996	4	4
x998	4	4
x999	4	4

(249, 3, 2), X=[1,8,12,17,19,20,21,36,48,53,54,55,57,60,65,69,70,72,80,81,86,92,98,100,101,102,112,115,119,120,121,127,132,138,139,141,145,146,157,159,162,168,176,177,179,184,185,186,187,191,192,198,199,200,203,204,226,228,235,236,237,238,240,242,243,244,249,254,256,257,259,263,268,269,276,279,280,285,289,292,299,300,308,313,316,319,321,323,324,329,333,338,341,346,350,354,356,357,368,370,371,374,375,385,386,391,392,398,400,401,408,414,417,420,422,432,434,444,445,449,451,453,460,461,470,478,483,488,490,499,506,512,514,515,527,532,533,538,540,548,554,560,564,566,572,577,580,582,584,586,591,594,604,606,607,610,617,626,628,630,638,644,649,653,654,660,664,665,666,667,671,673,682,683,684,688,689,692,696,706,707,711,712,716,720,728,732,735,742,744,745,746,747,761,766,769,770,771,780,781,785,786,789,790,800,801,802,805,811,812,816,818,821,825,831,841,843,846,847,856,868,872,876,883,892,893,894,901,902,906,909,910,915,916,923,925,929,933,936,937,939,941,959,964,973,974,976,989,991], Y=[14,21,36], Z=[44,48], RowPattern=Constant, ColumnPattern=Constant, ContextPattern=Constant, %Missings=0, %Noise=0, %Errors=0 PlaidCoherency=None

Context: 44
X	y14	y21	y36
x1	2	2	2
x8	2	2	2
x12	2	2	2
x17	2	2	2
x19	2	2	2
x20	2	2	2
x21	2	2	2
x36	2	2	2
x48	2	2	2
x53	2	2	2
x54	2	2	2
x55	2	2	2
x57	2	2	2
x60	2	2	2
x65	2	2	2
x69	2	2	2
x70	2	2	2
x72	2	2	2
x80	2	2	2
x81	2	2	2
x86	2	2	2
x92	2	2	2
x98	2	2	2
x100	2	2	2
x101	2	2	2
x102	2	2	2
x112	2	2	2
x115	2	2	2
x119	2	2	2
x120	2	2	2
x121	2	2	2
x127	2	2	2
x132	2	2	2
x138	2	2	2
x139	2	2	2
x141	2	2	2
x145	2	2	2
x146	2	2	2
x157	2	2	2
x159	2	2	2
x162	2	2	2
x168	2	2	2
x176	2	2	2
x177	2	2	2
x179	2	2	2
x184	2	2	2
x185	2	2	2
x186	2	2	2
x187	2	2	2
x191	2	2	2
x192	2	2	2
x198	2	2	2
x199	2	2	2
x200	2	2	2
x203	2	2	2
x204	2	2	2
x226	2	2	2
x228	2	2	2
x235	2	2	2
x236	2	2	2
x237	2	2	2
x238	2	2	2
x240	2	2	2
x242	2	2	2
x243	2	2	2
x244	2	2	2
x249	2	2	2
x254	2	2	2
x256	2	2	2
x257	2	2	2
x259	2	2	2
x263	2	2	2
x268	2	2	2
x269	2	2	2
x276	2	2	2
x279	2	2	2
x280	2	2	2
x285	2	2	2
x289	2	2	2
x292	2	2	2
x299	2	2	2
x300	2	2	2
x308	2	2	2
x313	2	2	2
x316	2	2	2
x319	2	2	2
x321	2	2	2
x323	2	2	2
x324	2	2	2
x329	2	2	2
x333	2	2	2
x338	2	2	2
x341	2	2	2
x346	2	2	2
x350	2	2	2
x354	2	2	2
x356	2	2	2
x357	2	2	2
x368	2	2	2
x370	2	2	2
x371	2	2	2
x374	2	2	2
x375	2	2	2
x385	2	2	2
x386	2	2	2
x391	2	2	2
x392	2	2	2
x398	2	2	2
x400	2	2	2
x401	2	2	2
x408	2	2	2
x414	2	2	2
x417	2	2	2
x420	2	2	2
x422	2	2	2
x432	2	2	2
x434	2	2	2
x444	2	2	2
x445	2	2	2
x449	2	2	2
x451	2	2	2
x453	2	2	2
x460	2	2	2
x461	2	2	2
x470	2	2	2
x478	2	2	2
x483	2	2	2
x488	2	2	2
x490	2	2	2
x499	2	2	2
x506	2	2	2
x512	2	2	2
x514	2	2	2
x515	2	2	2
x527	2	2	2
x532	2	2	2
x533	2	2	2
x538	2	2	2
x540	2	2	2
x548	2	2	2
x554	2	2	2
x560	2	2	2
x564	2	2	2
x566	2	2	2
x572	2	2	2
x577	2	2	2
x580	2	2	2
x582	2	2	2
x584	2	2	2
x586	2	2	2
x591	2	2	2
x594	2	2	2
x604	2	2	2
x606	2	2	2
x607	2	2	2
x610	2	2	2
x617	2	2	2
x626	2	2	2
x628	2	2	2
x630	2	2	2
x638	2	2	2
x644	2	2	2
x649	2	2	2
x653	2	2	2
x654	2	2	2
x660	2	2	2
x664	2	2	2
x665	2	2	2
x666	2	2	2
x667	2	2	2
x671	2	2	2
x673	2	2	2
x682	2	2	2
x683	2	2	2
x684	2	2	2
x688	2	2	2
x689	2	2	2
x692	2	2	2
x696	2	2	2
x706	2	2	2
x707	2	2	2
x711	2	2	2
x712	2	2	2
x716	2	2	2
x720	2	2	2
x728	2	2	2
x732	2	2	2
x735	2	2	2
x742	2	2	2
x744	2	2	2
x745	2	2	2
x746	2	2	2
x747	2	2	2
x761	2	2	2
x766	2	2	2
x769	2	2	2
x770	2	2	2
x771	2	2	2
x780	2	2	2
x781	2	2	2
x785	2	2	2
x786	2	2	2
x789	2	2	2
x790	2	2	2
x800	2	2	2
x801	2	2	2
x802	2	2	2
x805	2	2	2
x811	2	2	2
x812	2	2	2
x816	2	2	2
x818	2	2	2
x821	2	2	2
x825	2	2	2
x831	2	2	2
x841	2	2	2
x843	2	2	2
x846	2	2	2
x847	2	2	2
x856	2	2	2
x868	2	2	2
x872	2	2	2
x876	2	2	2
x883	2	2	2
x892	2	2	2
x893	2	2	2
x894	2	2	2
x901	2	2	2
x902	2	2	2
x906	2	2	2
x909	2	2	2
x910	2	2	2
x915	2	2	2
x916	2	2	2
x923	2	2	2
x925	2	2	2
x929	2	2	2
x933	2	2	2
x936	2	2	2
x937	2	2	2
x939	2	2	2
x941	2	2	2
x959	2	2	2
x964	2	2	2
x973	2	2	2
x974	2	2	2
x976	2	2	2
x989	2	2	2
x991	2	2	2

Context: 48
X	y14	y21	y36
x1	2	2	2
x8	2	2	2
x12	2	2	2
x17	2	2	2
x19	2	2	2
x20	2	2	2
x21	2	2	2
x36	2	2	2
x48	2	2	2
x53	2	2	2
x54	2	2	2
x55	2	2	2
x57	2	2	2
x60	2	2	2
x65	2	2	2
x69	2	2	2
x70	2	2	2
x72	2	2	2
x80	2	2	2
x81	2	2	2
x86	2	2	2
x92	2	2	2
x98	2	2	2
x100	2	2	2
x101	2	2	2
x102	2	2	2
x112	2	2	2
x115	2	2	2
x119	2	2	2
x120	2	2	2
x121	2	2	2
x127	2	2	2
x132	2	2	2
x138	2	2	2
x139	2	2	2
x141	2	2	2
x145	2	2	2
x146	2	2	2
x157	2	2	2
x159	2	2	2
x162	2	2	2
x168	2	2	2
x176	2	2	2
x177	2	2	2
x179	2	2	2
x184	2	2	2
x185	2	2	2
x186	2	2	2
x187	2	2	2
x191	2	2	2
x192	2	2	2
x198	2	2	2
x199	2	2	2
x200	2	2	2
x203	2	2	2
x204	2	2	2
x226	2	2	2
x228	2	2	2
x235	2	2	2
x236	2	2	2
x237	2	2	2
x238	2	2	2
x240	2	2	2
x242	2	2	2
x243	2	2	2
x244	2	2	2
x249	2	2	2
x254	2	2	2
x256	2	2	2
x257	2	2	2
x259	2	2	2
x263	2	2	2
x268	2	2	2
x269	2	2	2
x276	2	2	2
x279	2	2	2
x280	2	2	2
x285	2	2	2
x289	2	2	2
x292	2	2	2
x299	2	2	2
x300	2	2	2
x308	2	2	2
x313	2	2	2
x316	2	2	2
x319	2	2	2
x321	2	2	2
x323	2	2	2
x324	2	2	2
x329	2	2	2
x333	2	2	2
x338	2	2	2
x341	2	2	2
x346	2	2	2
x350	2	2	2
x354	2	2	2
x356	2	2	2
x357	2	2	2
x368	2	2	2
x370	2	2	2
x371	2	2	2
x374	2	2	2
x375	2	2	2
x385	2	2	2
x386	2	2	2
x391	2	2	2
x392	2	2	2
x398	2	2	2
x400	2	2	2
x401	2	2	2
x408	2	2	2
x414	2	2	2
x417	2	2	2
x420	2	2	2
x422	2	2	2
x432	2	2	2
x434	2	2	2
x444	2	2	2
x445	2	2	2
x449	2	2	2
x451	2	2	2
x453	2	2	2
x460	2	2	2
x461	2	2	2
x470	2	2	2
x478	2	2	2
x483	2	2	2
x488	2	2	2
x490	2	2	2
x499	2	2	2
x506	2	2	2
x512	2	2	2
x514	2	2	2
x515	2	2	2
x527	2	2	2
x532	2	2	2
x533	2	2	2
x538	2	2	2
x540	2	2	2
x548	2	2	2
x554	2	2	2
x560	2	2	2
x564	2	2	2
x566	2	2	2
x572	2	2	2
x577	2	2	2
x580	2	2	2
x582	2	2	2
x584	2	2	2
x586	2	2	2
x591	2	2	2
x594	2	2	2
x604	2	2	2
x606	2	2	2
x607	2	2	2
x610	2	2	2
x617	2	2	2
x626	2	2	2
x628	2	2	2
x630	2	2	2
x638	2	2	2
x644	2	2	2
x649	2	2	2
x653	2	2	2
x654	2	2	2
x660	2	2	2
x664	2	2	2
x665	2	2	2
x666	2	2	2
x667	2	2	2
x671	2	2	2
x673	2	2	2
x682	2	2	2
x683	2	2	2
x684	2	2	2
x688	2	2	2
x689	2	2	2
x692	2	2	2
x696	2	2	2
x706	2	2	2
x707	2	2	2
x711	2	2	2
x712	2	2	2
x716	2	2	2
x720	2	2	2
x728	2	2	2
x732	2	2	2
x735	2	2	2
x742	2	2	2
x744	2	2	2
x745	2	2	2
x746	2	2	2
x747	2	2	2
x761	2	2	2
x766	2	2	2
x769	2	2	2
x770	2	2	2
x771	2	2	2
x780	2	2	2
x781	2	2	2
x785	2	2	2
x786	2	2	2
x789	2	2	2
x790	2	2	2
x800	2	2	2
x801	2	2	2
x802	2	2	2
x805	2	2	2
x811	2	2	2
x812	2	2	2
x816	2	2	2
x818	2	2	2
x821	2	2	2
x825	2	2	2
x831	2	2	2
x841	2	2	2
x843	2	2	2
x846	2	2	2
x847	2	2	2
x856	2	2	2
x868	2	2	2
x872	2	2	2
x876	2	2	2
x883	2	2	2
x892	2	2	2
x893	2	2	2
x894	2	2	2
x901	2	2	2
x902	2	2	2
x906	2	2	2
x909	2	2	2
x910	2	2	2
x915	2	2	2
x916	2	2	2
x923	2	2	2
x925	2	2	2
x929	2	2	2
x933	2	2	2
x936	2	2	2
x937	2	2	2
x939	2	2	2
x941	2	2	2
x959	2	2	2
x964	2	2	2
x973	2	2	2
x974	2	2	2
x976	2	2	2
x989	2	2	2
x991	2	2	2

(327, 3, 2), X=[1,4,5,19,23,24,26,27,30,31,33,34,42,44,48,51,52,53,54,55,61,63,67,69,70,71,77,81,84,85,89,90,91,94,96,98,103,115,122,135,138,139,142,143,144,146,154,157,159,161,163,164,165,167,168,170,175,177,178,180,183,185,189,191,192,193,195,196,199,200,202,203,204,209,212,215,219,223,226,232,233,237,238,239,247,248,249,255,261,262,266,267,268,271,272,274,276,278,283,285,290,292,293,294,297,298,301,304,305,306,308,312,314,316,317,319,324,325,330,340,342,345,347,348,349,350,352,355,356,360,362,363,367,368,375,382,389,391,392,395,398,404,406,410,412,413,422,423,426,429,433,439,440,441,445,447,451,453,454,457,460,461,462,463,476,485,487,494,498,499,500,504,506,508,512,513,517,521,525,531,532,534,540,545,552,553,558,561,564,565,567,575,577,578,582,583,588,589,591,596,597,602,604,606,609,610,616,617,624,627,630,631,651,653,654,656,657,658,659,661,667,668,669,673,674,677,678,680,682,687,688,689,690,696,707,710,711,718,719,722,725,726,734,737,741,744,745,746,747,749,750,757,758,760,776,779,782,783,785,793,795,796,799,800,801,804,815,817,818,820,823,828,832,833,840,846,847,848,853,854,855,856,866,869,873,876,878,881,883,884,886,887,890,895,904,905,907,910,913,916,921,927,928,941,942,952,954,958,960,962,963,964,965,966,969,973,974,976,977,982,983,988,989,991,996,997,999], Y=[0,16,43], Z=[6,46], RowPattern=Constant, ColumnPattern=Constant, ContextPattern=Constant, %Missings=0, %Noise=0, %Errors=0 PlaidCoherency=None

Context: 6
X	y0	y16	y43
x1	1	1	1
x4	1	1	1
x5	1	1	1
x19	1	1	1
x23	1	1	1
x24	1	1	1
x26	1	1	1
x27	1	1	1
x30	1	1	1
x31	1	1	1
x33	1	1	1
x34	1	1	1
x42	1	1	1
x44	1	1	1
x48	1	1	1
x51	1	1	1
x52	1	1	1
x53	1	1	1
x54	1	1	1
x55	1	1	1
x61	1	1	1
x63	1	1	1
x67	1	1	1
x69	1	1	1
x70	1	1	1
x71	1	1	1
x77	1	1	1
x81	1	1	1
x84	1	1	1
x85	1	1	1
x89	1	1	1
x90	1	1	1
x91	1	1	1
x94	1	1	1
x96	1	1	1
x98	1	1	1
x103	1	1	1
x115	1	1	1
x122	1	1	1
x135	1	1	1
x138	1	1	1
x139	1	1	1
x142	1	1	1
x143	1	1	1
x144	1	1	1
x146	1	1	1
x154	1	1	1
x157	1	1	1
x159	1	1	1
x161	1	1	1
x163	1	1	1
x164	1	1	1
x165	1	1	1
x167	1	1	1
x168	1	1	1
x170	1	1	1
x175	1	1	1
x177	1	1	1
x178	1	1	1
x180	1	1	1
x183	1	1	1
x185	1	1	1
x189	1	1	1
x191	1	1	1
x192	1	1	1
x193	1	1	1
x195	1	1	1
x196	1	1	1
x199	1	1	1
x200	1	1	1
x202	1	1	1
x203	1	1	1
x204	1	1	1
x209	1	1	1
x212	1	1	1
x215	1	1	1
x219	1	1	1
x223	1	1	1
x226	1	1	1
x232	1	1	1
x233	1	1	1
x237	1	1	1
x238	1	1	1
x239	1	1	1
x247	1	1	1
x248	1	1	1
x249	1	1	1
x255	1	1	1
x261	1	1	1
x262	1	1	1
x266	1	1	1
x267	1	1	1
x268	1	1	1
x271	1	1	1
x272	1	1	1
x274	1	1	1
x276	1	1	1
x278	1	1	1
x283	1	1	1
x285	1	1	1
x290	1	1	1
x292	1	1	1
x293	1	1	1
x294	1	1	1
x297	1	1	1
x298	1	1	1
x301	1	1	1
x304	1	1	1
x305	1	1	1
x306	1	1	1
x308	1	1	1
x312	1	1	1
x314	1	1	1
x316	1	1	1
x317	1	1	1
x319	1	1	1
x324	1	1	1
x325	1	1	1
x330	1	1	1
x340	1	1	1
x342	1	1	1
x345	1	1	1
x347	1	1	1
x348	1	1	1
x349	1	1	1
x350	1	1	1
x352	1	1	1
x355	1	1	1
x356	1	1	1
x360	1	1	1
x362	1	1	1
x363	1	1	1
x367	1	1	1
x368	1	1	1
x375	1	1	1
x382	1	1	1
x389	1	1	1
x391	1	1	1
x392	1	1	1
x395	1	1	1
x398	1	1	1
x404	1	1	1
x406	1	1	1
x410	1	1	1
x412	1	1	1
x413	1	1	1
x422	1	1	1
x423	1	1	1
x426	1	1	1
x429	1	1	1
x433	1	1	1
x439	1	1	1
x440	1	1	1
x441	1	1	1
x445	1	1	1
x447	1	1	1
x451	1	1	1
x453	1	1	1
x454	1	1	1
x457	1	1	1
x460	1	1	1
x461	1	1	1
x462	1	1	1
x463	1	1	1
x476	1	1	1
x485	1	1	1
x487	1	1	1
x494	1	1	1
x498	1	1	1
x499	1	1	1
x500	1	1	1
x504	1	1	1
x506	1	1	1
x508	1	1	1
x512	1	1	1
x513	1	1	1
x517	1	1	1
x521	1	1	1
x525	1	1	1
x531	1	1	1
x532	1	1	1
x534	1	1	1
x540	1	1	1
x545	1	1	1
x552	1	1	1
x553	1	1	1
x558	1	1	1
x561	1	1	1
x564	1	1	1
x565	1	1	1
x567	1	1	1
x575	1	1	1
x577	1	1	1
x578	1	1	1
x582	1	1	1
x583	1	1	1
x588	1	1	1
x589	1	1	1
x591	1	1	1
x596	1	1	1
x597	1	1	1
x602	1	1	1
x604	1	1	1
x606	1	1	1
x609	1	1	1
x610	1	1	1
x616	1	1	1
x617	1	1	1
x624	1	1	1
x627	1	1	1
x630	1	1	1
x631	1	1	1
x651	1	1	1
x653	1	1	1
x654	1	1	1
x656	1	1	1
x657	1	1	1
x658	1	1	1
x659	1	1	1
x661	1	1	1
x667	1	1	1
x668	1	1	1
x669	1	1	1
x673	1	1	1
x674	1	1	1
x677	1	1	1
x678	1	1	1
x680	1	1	1
x682	1	1	1
x687	1	1	1
x688	1	1	1
x689	1	1	1
x690	1	1	1
x696	1	1	1
x707	1	1	1
x710	1	1	1
x711	1	1	1
x718	1	1	1
x719	1	1	1
x722	1	1	1
x725	1	1	1
x726	1	1	1
x734	1	1	1
x737	1	1	1
x741	1	1	1
x744	1	1	1
x745	1	1	1
x746	1	1	1
x747	1	1	1
x749	1	1	1
x750	1	1	1
x757	1	1	1
x758	1	1	1
x760	1	1	1
x776	1	1	1
x779	1	1	1
x782	1	1	1
x783	1	1	1
x785	1	1	1
x793	1	1	1
x795	1	1	1
x796	1	1	1
x799	1	1	1
x800	1	1	1
x801	1	1	1
x804	1	1	1
x815	1	1	1
x817	1	1	1
x818	1	1	1
x820	1	1	1
x823	1	1	1
x828	1	1	1
x832	1	1	1
x833	1	1	1
x840	1	1	1
x846	1	1	1
x847	1	1	1
x848	1	1	1
x853	1	1	1
x854	1	1	1
x855	1	1	1
x856	1	1	1
x866	1	1	1
x869	1	1	1
x873	1	1	1
x876	1	1	1
x878	1	1	1
x881	1	1	1
x883	1	1	1
x884	1	1	1
x886	1	1	1
x887	1	1	1
x890	1	1	1
x895	1	1	1
x904	1	1	1
x905	1	1	1
x907	1	1	1
x910	1	1	1
x913	1	1	1
x916	1	1	1
x921	1	1	1
x927	1	1	1
x928	1	1	1
x941	1	1	1
x942	1	1	1
x952	1	1	1
x954	1	1	1
x958	1	1	1
x960	1	1	1
x962	1	1	1
x963	1	1	1
x964	1	1	1
x965	1	1	1
x966	1	1	1
x969	1	1	1
x973	1	1	1
x974	1	1	1
x976	1	1	1
x977	1	1	1
x982	1	1	1
x983	1	1	1
x988	1	1	1
x989	1	1	1
x991	1	1	1
x996	1	1	1
x997	1	1	1
x999	1	1	1

Context: 46
X	y0	y16	y43
x1	1	1	1
x4	1	1	1
x5	1	1	1
x19	1	1	1
x23	1	1	1
x24	1	1	1
x26	1	1	1
x27	1	1	1
x30	1	1	1
x31	1	1	1
x33	1	1	1
x34	1	1	1
x42	1	1	1
x44	1	1	1
x48	1	1	1
x51	1	1	1
x52	1	1	1
x53	1	1	1
x54	1	1	1
x55	1	1	1
x61	1	1	1
x63	1	1	1
x67	1	1	1
x69	1	1	1
x70	1	1	1
x71	1	1	1
x77	1	1	1
x81	1	1	1
x84	1	1	1
x85	1	1	1
x89	1	1	1
x90	1	1	1
x91	1	1	1
x94	1	1	1
x96	1	1	1
x98	1	1	1
x103	1	1	1
x115	1	1	1
x122	1	1	1
x135	1	1	1
x138	1	1	1
x139	1	1	1
x142	1	1	1
x143	1	1	1
x144	1	1	1
x146	1	1	1
x154	1	1	1
x157	1	1	1
x159	1	1	1
x161	1	1	1
x163	1	1	1
x164	1	1	1
x165	1	1	1
x167	1	1	1
x168	1	1	1
x170	1	1	1
x175	1	1	1
x177	1	1	1
x178	1	1	1
x180	1	1	1
x183	1	1	1
x185	1	1	1
x189	1	1	1
x191	1	1	1
x192	1	1	1
x193	1	1	1
x195	1	1	1
x196	1	1	1
x199	1	1	1
x200	1	1	1
x202	1	1	1
x203	1	1	1
x204	1	1	1
x209	1	1	1
x212	1	1	1
x215	1	1	1
x219	1	1	1
x223	1	1	1
x226	1	1	1
x232	1	1	1
x233	1	1	1
x237	1	1	1
x238	1	1	1
x239	1	1	1
x247	1	1	1
x248	1	1	1
x249	1	1	1
x255	1	1	1
x261	1	1	1
x262	1	1	1
x266	1	1	1
x267	1	1	1
x268	1	1	1
x271	1	1	1
x272	1	1	1
x274	1	1	1
x276	1	1	1
x278	1	1	1
x283	1	1	1
x285	1	1	1
x290	1	1	1
x292	1	1	1
x293	1	1	1
x294	1	1	1
x297	1	1	1
x298	1	1	1
x301	1	1	1
x304	1	1	1
x305	1	1	1
x306	1	1	1
x308	1	1	1
x312	1	1	1
x314	1	1	1
x316	1	1	1
x317	1	1	1
x319	1	1	1
x324	1	1	1
x325	1	1	1
x330	1	1	1
x340	1	1	1
x342	1	1	1
x345	1	1	1
x347	1	1	1
x348	1	1	1
x349	1	1	1
x350	1	1	1
x352	1	1	1
x355	1	1	1
x356	1	1	1
x360	1	1	1
x362	1	1	1
x363	1	1	1
x367	1	1	1
x368	1	1	1
x375	1	1	1
x382	1	1	1
x389	1	1	1
x391	1	1	1
x392	1	1	1
x395	1	1	1
x398	1	1	1
x404	1	1	1
x406	1	1	1
x410	1	1	1
x412	1	1	1
x413	1	1	1
x422	1	1	1
x423	1	1	1
x426	1	1	1
x429	1	1	1
x433	1	1	1
x439	1	1	1
x440	1	1	1
x441	1	1	1
x445	1	1	1
x447	1	1	1
x451	1	1	1
x453	1	1	1
x454	1	1	1
x457	1	1	1
x460	1	1	1
x461	1	1	1
x462	1	1	1
x463	1	1	1
x476	1	1	1
x485	1	1	1
x487	1	1	1
x494	1	1	1
x498	1	1	1
x499	1	1	1
x500	1	1	1
x504	1	1	1
x506	1	1	1
x508	1	1	1
x512	1	1	1
x513	1	1	1
x517	1	1	1
x521	1	1	1
x525	1	1	1
x531	1	1	1
x532	1	1	1
x534	1	1	1
x540	1	1	1
x545	1	1	1
x552	1	1	1
x553	1	1	1
x558	1	1	1
x561	1	1	1
x564	1	1	1
x565	1	1	1
x567	1	1	1
x575	1	1	1
x577	1	1	1
x578	1	1	1
x582	1	1	1
x583	1	1	1
x588	1	1	1
x589	1	1	1
x591	1	1	1
x596	1	1	1
x597	1	1	1
x602	1	1	1
x604	1	1	1
x606	1	1	1
x609	1	1	1
x610	1	1	1
x616	1	1	1
x617	1	1	1
x624	1	1	1
x627	1	1	1
x630	1	1	1
x631	1	1	1
x651	1	1	1
x653	1	1	1
x654	1	1	1
x656	1	1	1
x657	1	1	1
x658	1	1	1
x659	1	1	1
x661	1	1	1
x667	1	1	1
x668	1	1	1
x669	1	1	1
x673	1	1	1
x674	1	1	1
x677	1	1	1
x678	1	1	1
x680	1	1	1
x682	1	1	1
x687	1	1	1
x688	1	1	1
x689	1	1	1
x690	1	1	1
x696	1	1	1
x707	1	1	1
x710	1	1	1
x711	1	1	1
x718	1	1	1
x719	1	1	1
x722	1	1	1
x725	1	1	1
x726	1	1	1
x734	1	1	1
x737	1	1	1
x741	1	1	1
x744	1	1	1
x745	1	1	1
x746	1	1	1
x747	1	1	1
x749	1	1	1
x750	1	1	1
x757	1	1	1
x758	1	1	1
x760	1	1	1
x776	1	1	1
x779	1	1	1
x782	1	1	1
x783	1	1	1
x785	1	1	1
x793	1	1	1
x795	1	1	1
x796	1	1	1
x799	1	1	1
x800	1	1	1
x801	1	1	1
x804	1	1	1
x815	1	1	1
x817	1	1	1
x818	1	1	1
x820	1	1	1
x823	1	1	1
x828	1	1	1
x832	1	1	1
x833	1	1	1
x840	1	1	1
x846	1	1	1
x847	1	1	1
x848	1	1	1
x853	1	1	1
x854	1	1	1
x855	1	1	1
x856	1	1	1
x866	1	1	1
x869	1	1	1
x873	1	1	1
x876	1	1	1
x878	1	1	1
x881	1	1	1
x883	1	1	1
x884	1	1	1
x886	1	1	1
x887	1	1	1
x890	1	1	1
x895	1	1	1
x904	1	1	1
x905	1	1	1
x907	1	1	1
x910	1	1	1
x913	1	1	1
x916	1	1	1
x921	1	1	1
x927	1	1	1
x928	1	1	1
x941	1	1	1
x942	1	1	1
x952	1	1	1
x954	1	1	1
x958	1	1	1
x960	1	1	1
x962	1	1	1
x963	1	1	1
x964	1	1	1
x965	1	1	1
x966	1	1	1
x969	1	1	1
x973	1	1	1
x974	1	1	1
x976	1	1	1
x977	1	1	1
x982	1	1	1
x983	1	1	1
x988	1	1	1
x989	1	1	1
x991	1	1	1
x996	1	1	1
x997	1	1	1
x999	1	1	1

(85, 2, 3), X=[2,3,10,14,34,37,45,49,55,60,70,76,98,120,125,131,135,154,161,201,209,218,222,237,264,296,301,314,329,330,331,347,348,350,355,357,370,389,394,404,407,416,424,427,443,448,450,462,476,481,493,498,504,516,561,564,566,570,576,585,596,618,640,650,655,672,683,695,696,759,763,768,774,799,819,820,838,849,852,869,886,902,934,950,965], Y=[15,41], Z=[27,43,47], RowPattern=Constant, ColumnPattern=Constant, ContextPattern=Constant, %Missings=0, %Noise=0, %Errors=0 PlaidCoherency=None

Context: 27
X	y15	y41
x2	2	2
x3	2	2
x10	2	2
x14	2	2
x34	2	2
x37	2	2
x45	2	2
x49	2	2
x55	2	2
x60	2	2
x70	2	2
x76	2	2
x98	2	2
x120	2	2
x125	2	2
x131	2	2
x135	2	2
x154	2	2
x161	2	2
x201	2	2
x209	2	2
x218	2	2
x222	2	2
x237	2	2
x264	2	2
x296	2	2
x301	2	2
x314	2	2
x329	2	2
x330	2	2
x331	2	2
x347	2	2
x348	2	2
x350	2	2
x355	2	2
x357	2	2
x370	2	2
x389	2	2
x394	2	2
x404	2	2
x407	2	2
x416	2	2
x424	2	2
x427	2	2
x443	2	2
x448	2	2
x450	2	2
x462	2	2
x476	2	2
x481	2	2
x493	2	2
x498	2	2
x504	2	2
x516	2	2
x561	2	2
x564	2	2
x566	2	2
x570	2	2
x576	2	2
x585	2	2
x596	2	2
x618	2	2
x640	2	2
x650	2	2
x655	2	2
x672	2	2
x683	2	2
x695	2	2
x696	2	2
x759	2	2
x763	2	2
x768	2	2
x774	2	2
x799	2	2
x819	2	2
x820	2	2
x838	2	2
x849	2	2
x852	2	2
x869	2	2
x886	2	2
x902	2	2
x934	2	2
x950	2	2
x965	2	2

Context: 43
X	y15	y41
x2	2	2
x3	2	2
x10	2	2
x14	2	2
x34	2	2
x37	2	2
x45	2	2
x49	2	2
x55	2	2
x60	2	2
x70	2	2
x76	2	2
x98	2	2
x120	2	2
x125	2	2
x131	2	2
x135	2	2
x154	2	2
x161	2	2
x201	2	2
x209	2	2
x218	2	2
x222	2	2
x237	2	2
x264	2	2
x296	2	2
x301	2	2
x314	2	2
x329	2	2
x330	2	2
x331	2	2
x347	2	2
x348	2	2
x350	2	2
x355	2	2
x357	2	2
x370	2	2
x389	2	2
x394	2	2
x404	2	2
x407	2	2
x416	2	2
x424	2	2
x427	2	2
x443	2	2
x448	2	2
x450	2	2
x462	2	2
x476	2	2
x481	2	2
x493	2	2
x498	2	2
x504	2	2
x516	2	2
x561	2	2
x564	2	2
x566	2	2
x570	2	2
x576	2	2
x585	2	2
x596	2	2
x618	2	2
x640	2	2
x650	2	2
x655	2	2
x672	2	2
x683	2	2
x695	2	2
x696	2	2
x759	2	2
x763	2	2
x768	2	2
x774	2	2
x799	2	2
x819	2	2
x820	2	2
x838	2	2
x849	2	2
x852	2	2
x869	2	2
x886	2	2
x902	2	2
x934	2	2
x950	2	2
x965	2	2

Context: 47
X	y15	y41
x2	2	2
x3	2	2
x10	2	2
x14	2	2
x34	2	2
x37	2	2
x45	2	2
x49	2	2
x55	2	2
x60	2	2
x70	2	2
x76	2	2
x98	2	2
x120	2	2
x125	2	2
x131	2	2
x135	2	2
x154	2	2
x161	2	2
x201	2	2
x209	2	2
x218	2	2
x222	2	2
x237	2	2
x264	2	2
x296	2	2
x301	2	2
x314	2	2
x329	2	2
x330	2	2
x331	2	2
x347	2	2
x348	2	2
x350	2	2
x355	2	2
x357	2	2
x370	2	2
x389	2	2
x394	2	2
x404	2	2
x407	2	2
x416	2	2
x424	2	2
x427	2	2
x443	2	2
x448	2	2
x450	2	2
x462	2	2
x476	2	2
x481	2	2
x493	2	2
x498	2	2
x504	2	2
x516	2	2
x561	2	2
x564	2	2
x566	2	2
x570	2	2
x576	2	2
x585	2	2
x596	2	2
x618	2	2
x640	2	2
x650	2	2
x655	2	2
x672	2	2
x683	2	2
x695	2	2
x696	2	2
x759	2	2
x763	2	2
x768	2	2
x774	2	2
x799	2	2
x819	2	2
x820	2	2
x838	2	2
x849	2	2
x852	2	2
x869	2	2
x886	2	2
x902	2	2
x934	2	2
x950	2	2
x965	2	2

