Number of planted triclusters: 5
Tricluster coverage: 0.5262%
Missing values on dataset: 0.0%
Noise values on dataset: 0.0%
Errors on dataset: 0.0%


(368, 3, 3), X=[1,2,3,5,6,8,9,11,13,15,18,20,25,31,32,36,37,40,43,45,52,55,56,58,63,64,66,81,82,87,92,95,96,98,102,110,112,113,114,115,117,122,126,128,131,133,137,142,143,146,147,151,152,153,155,159,166,167,168,170,171,172,174,175,179,181,182,183,184,197,198,200,205,208,209,210,212,215,218,219,220,222,227,228,230,236,239,245,246,250,254,256,258,261,264,266,267,269,270,273,275,279,280,283,284,285,287,288,299,302,305,309,315,317,318,320,324,327,330,336,337,338,341,347,349,351,353,354,356,360,361,362,363,364,372,375,379,381,386,389,396,399,400,404,405,406,410,411,412,415,416,417,420,421,422,427,428,435,436,439,453,454,455,459,467,468,469,473,476,479,481,483,488,494,495,496,501,504,509,511,512,514,515,519,521,522,523,525,528,529,534,535,536,539,543,544,550,551,557,562,564,565,568,569,571,572,576,578,579,580,581,584,585,589,593,595,602,606,607,612,613,614,617,618,619,621,622,626,627,631,634,636,639,641,643,644,645,654,655,659,662,671,672,673,676,677,678,679,681,682,683,688,690,694,697,701,703,705,708,711,712,714,715,718,720,724,726,727,731,740,742,744,746,750,751,754,756,760,761,762,764,771,775,776,778,780,782,787,793,795,796,797,798,800,802,806,810,814,815,820,824,831,833,834,835,838,847,848,851,855,857,860,862,863,864,865,867,871,873,878,880,882,885,886,894,901,904,906,907,908,909,914,920,922,925,928,929,930,931,932,933,936,940,941,942,943,944,946,950,951,953,958,962,963,965,969,970,974,978,979,985,988,992,993,995,996,997,998], Y=[3,6,27], Z=[25,26,27], RowPattern=Constant, ColumnPattern=Constant, ContextPattern=Constant, %Missings=0, %Noise=0, %Errors=0 PlaidCoherency=None

Context: 25
X	y3	y6	y27
x1	2	2	2
x2	2	2	2
x3	2	2	2
x5	2	2	2
x6	2	2	2
x8	2	2	2
x9	2	2	2
x11	2	2	2
x13	2	2	2
x15	2	2	2
x18	2	2	2
x20	2	2	2
x25	2	2	2
x31	2	2	2
x32	2	2	2
x36	2	2	2
x37	2	2	2
x40	2	2	2
x43	2	2	2
x45	2	2	2
x52	2	2	2
x55	2	2	2
x56	2	2	2
x58	2	2	2
x63	2	2	2
x64	2	2	2
x66	2	2	2
x81	2	2	2
x82	2	2	2
x87	2	2	2
x92	2	2	2
x95	2	2	2
x96	2	2	2
x98	2	2	2
x102	2	2	2
x110	2	2	2
x112	2	2	2
x113	2	2	2
x114	2	2	2
x115	2	2	2
x117	2	2	2
x122	2	2	2
x126	2	2	2
x128	2	2	2
x131	2	2	2
x133	2	2	2
x137	2	2	2
x142	2	2	2
x143	2	2	2
x146	2	2	2
x147	2	2	2
x151	2	2	2
x152	2	2	2
x153	2	2	2
x155	2	2	2
x159	2	2	2
x166	2	2	2
x167	2	2	2
x168	2	2	2
x170	2	2	2
x171	2	2	2
x172	2	2	2
x174	2	2	2
x175	2	2	2
x179	2	2	2
x181	2	2	2
x182	2	2	2
x183	2	2	2
x184	2	2	2
x197	2	2	2
x198	2	2	2
x200	2	2	2
x205	2	2	2
x208	2	2	2
x209	2	2	2
x210	2	2	2
x212	2	2	2
x215	2	2	2
x218	2	2	2
x219	2	2	2
x220	2	2	2
x222	2	2	2
x227	2	2	2
x228	2	2	2
x230	2	2	2
x236	2	2	2
x239	2	2	2
x245	2	2	2
x246	2	2	2
x250	2	2	2
x254	2	2	2
x256	2	2	2
x258	2	2	2
x261	2	2	2
x264	2	2	2
x266	2	2	2
x267	2	2	2
x269	2	2	2
x270	2	2	2
x273	2	2	2
x275	2	2	2
x279	2	2	2
x280	2	2	2
x283	2	2	2
x284	2	2	2
x285	2	2	2
x287	2	2	2
x288	2	2	2
x299	2	2	2
x302	2	2	2
x305	2	2	2
x309	2	2	2
x315	2	2	2
x317	2	2	2
x318	2	2	2
x320	2	2	2
x324	2	2	2
x327	2	2	2
x330	2	2	2
x336	2	2	2
x337	2	2	2
x338	2	2	2
x341	2	2	2
x347	2	2	2
x349	2	2	2
x351	2	2	2
x353	2	2	2
x354	2	2	2
x356	2	2	2
x360	2	2	2
x361	2	2	2
x362	2	2	2
x363	2	2	2
x364	2	2	2
x372	2	2	2
x375	2	2	2
x379	2	2	2
x381	2	2	2
x386	2	2	2
x389	2	2	2
x396	2	2	2
x399	2	2	2
x400	2	2	2
x404	2	2	2
x405	2	2	2
x406	2	2	2
x410	2	2	2
x411	2	2	2
x412	2	2	2
x415	2	2	2
x416	2	2	2
x417	2	2	2
x420	2	2	2
x421	2	2	2
x422	2	2	2
x427	2	2	2
x428	2	2	2
x435	2	2	2
x436	2	2	2
x439	2	2	2
x453	2	2	2
x454	2	2	2
x455	2	2	2
x459	2	2	2
x467	2	2	2
x468	2	2	2
x469	2	2	2
x473	2	2	2
x476	2	2	2
x479	2	2	2
x481	2	2	2
x483	2	2	2
x488	2	2	2
x494	2	2	2
x495	2	2	2
x496	2	2	2
x501	2	2	2
x504	2	2	2
x509	2	2	2
x511	2	2	2
x512	2	2	2
x514	2	2	2
x515	2	2	2
x519	2	2	2
x521	2	2	2
x522	2	2	2
x523	2	2	2
x525	2	2	2
x528	2	2	2
x529	2	2	2
x534	2	2	2
x535	2	2	2
x536	2	2	2
x539	2	2	2
x543	2	2	2
x544	2	2	2
x550	2	2	2
x551	2	2	2
x557	2	2	2
x562	2	2	2
x564	2	2	2
x565	2	2	2
x568	2	2	2
x569	2	2	2
x571	2	2	2
x572	2	2	2
x576	2	2	2
x578	2	2	2
x579	2	2	2
x580	2	2	2
x581	2	2	2
x584	2	2	2
x585	2	2	2
x589	2	2	2
x593	2	2	2
x595	2	2	2
x602	2	2	2
x606	2	2	2
x607	2	2	2
x612	2	2	2
x613	2	2	2
x614	2	2	2
x617	2	2	2
x618	2	2	2
x619	2	2	2
x621	2	2	2
x622	2	2	2
x626	2	2	2
x627	2	2	2
x631	2	2	2
x634	2	2	2
x636	2	2	2
x639	2	2	2
x641	2	2	2
x643	2	2	2
x644	2	2	2
x645	2	2	2
x654	2	2	2
x655	2	2	2
x659	2	2	2
x662	2	2	2
x671	2	2	2
x672	2	2	2
x673	2	2	2
x676	2	2	2
x677	2	2	2
x678	2	2	2
x679	2	2	2
x681	2	2	2
x682	2	2	2
x683	2	2	2
x688	2	2	2
x690	2	2	2
x694	2	2	2
x697	2	2	2
x701	2	2	2
x703	2	2	2
x705	2	2	2
x708	2	2	2
x711	2	2	2
x712	2	2	2
x714	2	2	2
x715	2	2	2
x718	2	2	2
x720	2	2	2
x724	2	2	2
x726	2	2	2
x727	2	2	2
x731	2	2	2
x740	2	2	2
x742	2	2	2
x744	2	2	2
x746	2	2	2
x750	2	2	2
x751	2	2	2
x754	2	2	2
x756	2	2	2
x760	2	2	2
x761	2	2	2
x762	2	2	2
x764	2	2	2
x771	2	2	2
x775	2	2	2
x776	2	2	2
x778	2	2	2
x780	2	2	2
x782	2	2	2
x787	2	2	2
x793	2	2	2
x795	2	2	2
x796	2	2	2
x797	2	2	2
x798	2	2	2
x800	2	2	2
x802	2	2	2
x806	2	2	2
x810	2	2	2
x814	2	2	2
x815	2	2	2
x820	2	2	2
x824	2	2	2
x831	2	2	2
x833	2	2	2
x834	2	2	2
x835	2	2	2
x838	2	2	2
x847	2	2	2
x848	2	2	2
x851	2	2	2
x855	2	2	2
x857	2	2	2
x860	2	2	2
x862	2	2	2
x863	2	2	2
x864	2	2	2
x865	2	2	2
x867	2	2	2
x871	2	2	2
x873	2	2	2
x878	2	2	2
x880	2	2	2
x882	2	2	2
x885	2	2	2
x886	2	2	2
x894	2	2	2
x901	2	2	2
x904	2	2	2
x906	2	2	2
x907	2	2	2
x908	2	2	2
x909	2	2	2
x914	2	2	2
x920	2	2	2
x922	2	2	2
x925	2	2	2
x928	2	2	2
x929	2	2	2
x930	2	2	2
x931	2	2	2
x932	2	2	2
x933	2	2	2
x936	2	2	2
x940	2	2	2
x941	2	2	2
x942	2	2	2
x943	2	2	2
x944	2	2	2
x946	2	2	2
x950	2	2	2
x951	2	2	2
x953	2	2	2
x958	2	2	2
x962	2	2	2
x963	2	2	2
x965	2	2	2
x969	2	2	2
x970	2	2	2
x974	2	2	2
x978	2	2	2
x979	2	2	2
x985	2	2	2
x988	2	2	2
x992	2	2	2
x993	2	2	2
x995	2	2	2
x996	2	2	2
x997	2	2	2
x998	2	2	2

Context: 26
X	y3	y6	y27
x1	2	2	2
x2	2	2	2
x3	2	2	2
x5	2	2	2
x6	2	2	2
x8	2	2	2
x9	2	2	2
x11	2	2	2
x13	2	2	2
x15	2	2	2
x18	2	2	2
x20	2	2	2
x25	2	2	2
x31	2	2	2
x32	2	2	2
x36	2	2	2
x37	2	2	2
x40	2	2	2
x43	2	2	2
x45	2	2	2
x52	2	2	2
x55	2	2	2
x56	2	2	2
x58	2	2	2
x63	2	2	2
x64	2	2	2
x66	2	2	2
x81	2	2	2
x82	2	2	2
x87	2	2	2
x92	2	2	2
x95	2	2	2
x96	2	2	2
x98	2	2	2
x102	2	2	2
x110	2	2	2
x112	2	2	2
x113	2	2	2
x114	2	2	2
x115	2	2	2
x117	2	2	2
x122	2	2	2
x126	2	2	2
x128	2	2	2
x131	2	2	2
x133	2	2	2
x137	2	2	2
x142	2	2	2
x143	2	2	2
x146	2	2	2
x147	2	2	2
x151	2	2	2
x152	2	2	2
x153	2	2	2
x155	2	2	2
x159	2	2	2
x166	2	2	2
x167	2	2	2
x168	2	2	2
x170	2	2	2
x171	2	2	2
x172	2	2	2
x174	2	2	2
x175	2	2	2
x179	2	2	2
x181	2	2	2
x182	2	2	2
x183	2	2	2
x184	2	2	2
x197	2	2	2
x198	2	2	2
x200	2	2	2
x205	2	2	2
x208	2	2	2
x209	2	2	2
x210	2	2	2
x212	2	2	2
x215	2	2	2
x218	2	2	2
x219	2	2	2
x220	2	2	2
x222	2	2	2
x227	2	2	2
x228	2	2	2
x230	2	2	2
x236	2	2	2
x239	2	2	2
x245	2	2	2
x246	2	2	2
x250	2	2	2
x254	2	2	2
x256	2	2	2
x258	2	2	2
x261	2	2	2
x264	2	2	2
x266	2	2	2
x267	2	2	2
x269	2	2	2
x270	2	2	2
x273	2	2	2
x275	2	2	2
x279	2	2	2
x280	2	2	2
x283	2	2	2
x284	2	2	2
x285	2	2	2
x287	2	2	2
x288	2	2	2
x299	2	2	2
x302	2	2	2
x305	2	2	2
x309	2	2	2
x315	2	2	2
x317	2	2	2
x318	2	2	2
x320	2	2	2
x324	2	2	2
x327	2	2	2
x330	2	2	2
x336	2	2	2
x337	2	2	2
x338	2	2	2
x341	2	2	2
x347	2	2	2
x349	2	2	2
x351	2	2	2
x353	2	2	2
x354	2	2	2
x356	2	2	2
x360	2	2	2
x361	2	2	2
x362	2	2	2
x363	2	2	2
x364	2	2	2
x372	2	2	2
x375	2	2	2
x379	2	2	2
x381	2	2	2
x386	2	2	2
x389	2	2	2
x396	2	2	2
x399	2	2	2
x400	2	2	2
x404	2	2	2
x405	2	2	2
x406	2	2	2
x410	2	2	2
x411	2	2	2
x412	2	2	2
x415	2	2	2
x416	2	2	2
x417	2	2	2
x420	2	2	2
x421	2	2	2
x422	2	2	2
x427	2	2	2
x428	2	2	2
x435	2	2	2
x436	2	2	2
x439	2	2	2
x453	2	2	2
x454	2	2	2
x455	2	2	2
x459	2	2	2
x467	2	2	2
x468	2	2	2
x469	2	2	2
x473	2	2	2
x476	2	2	2
x479	2	2	2
x481	2	2	2
x483	2	2	2
x488	2	2	2
x494	2	2	2
x495	2	2	2
x496	2	2	2
x501	2	2	2
x504	2	2	2
x509	2	2	2
x511	2	2	2
x512	2	2	2
x514	2	2	2
x515	2	2	2
x519	2	2	2
x521	2	2	2
x522	2	2	2
x523	2	2	2
x525	2	2	2
x528	2	2	2
x529	2	2	2
x534	2	2	2
x535	2	2	2
x536	2	2	2
x539	2	2	2
x543	2	2	2
x544	2	2	2
x550	2	2	2
x551	2	2	2
x557	2	2	2
x562	2	2	2
x564	2	2	2
x565	2	2	2
x568	2	2	2
x569	2	2	2
x571	2	2	2
x572	2	2	2
x576	2	2	2
x578	2	2	2
x579	2	2	2
x580	2	2	2
x581	2	2	2
x584	2	2	2
x585	2	2	2
x589	2	2	2
x593	2	2	2
x595	2	2	2
x602	2	2	2
x606	2	2	2
x607	2	2	2
x612	2	2	2
x613	2	2	2
x614	2	2	2
x617	2	2	2
x618	2	2	2
x619	2	2	2
x621	2	2	2
x622	2	2	2
x626	2	2	2
x627	2	2	2
x631	2	2	2
x634	2	2	2
x636	2	2	2
x639	2	2	2
x641	2	2	2
x643	2	2	2
x644	2	2	2
x645	2	2	2
x654	2	2	2
x655	2	2	2
x659	2	2	2
x662	2	2	2
x671	2	2	2
x672	2	2	2
x673	2	2	2
x676	2	2	2
x677	2	2	2
x678	2	2	2
x679	2	2	2
x681	2	2	2
x682	2	2	2
x683	2	2	2
x688	2	2	2
x690	2	2	2
x694	2	2	2
x697	2	2	2
x701	2	2	2
x703	2	2	2
x705	2	2	2
x708	2	2	2
x711	2	2	2
x712	2	2	2
x714	2	2	2
x715	2	2	2
x718	2	2	2
x720	2	2	2
x724	2	2	2
x726	2	2	2
x727	2	2	2
x731	2	2	2
x740	2	2	2
x742	2	2	2
x744	2	2	2
x746	2	2	2
x750	2	2	2
x751	2	2	2
x754	2	2	2
x756	2	2	2
x760	2	2	2
x761	2	2	2
x762	2	2	2
x764	2	2	2
x771	2	2	2
x775	2	2	2
x776	2	2	2
x778	2	2	2
x780	2	2	2
x782	2	2	2
x787	2	2	2
x793	2	2	2
x795	2	2	2
x796	2	2	2
x797	2	2	2
x798	2	2	2
x800	2	2	2
x802	2	2	2
x806	2	2	2
x810	2	2	2
x814	2	2	2
x815	2	2	2
x820	2	2	2
x824	2	2	2
x831	2	2	2
x833	2	2	2
x834	2	2	2
x835	2	2	2
x838	2	2	2
x847	2	2	2
x848	2	2	2
x851	2	2	2
x855	2	2	2
x857	2	2	2
x860	2	2	2
x862	2	2	2
x863	2	2	2
x864	2	2	2
x865	2	2	2
x867	2	2	2
x871	2	2	2
x873	2	2	2
x878	2	2	2
x880	2	2	2
x882	2	2	2
x885	2	2	2
x886	2	2	2
x894	2	2	2
x901	2	2	2
x904	2	2	2
x906	2	2	2
x907	2	2	2
x908	2	2	2
x909	2	2	2
x914	2	2	2
x920	2	2	2
x922	2	2	2
x925	2	2	2
x928	2	2	2
x929	2	2	2
x930	2	2	2
x931	2	2	2
x932	2	2	2
x933	2	2	2
x936	2	2	2
x940	2	2	2
x941	2	2	2
x942	2	2	2
x943	2	2	2
x944	2	2	2
x946	2	2	2
x950	2	2	2
x951	2	2	2
x953	2	2	2
x958	2	2	2
x962	2	2	2
x963	2	2	2
x965	2	2	2
x969	2	2	2
x970	2	2	2
x974	2	2	2
x978	2	2	2
x979	2	2	2
x985	2	2	2
x988	2	2	2
x992	2	2	2
x993	2	2	2
x995	2	2	2
x996	2	2	2
x997	2	2	2
x998	2	2	2

Context: 27
X	y3	y6	y27
x1	2	2	2
x2	2	2	2
x3	2	2	2
x5	2	2	2
x6	2	2	2
x8	2	2	2
x9	2	2	2
x11	2	2	2
x13	2	2	2
x15	2	2	2
x18	2	2	2
x20	2	2	2
x25	2	2	2
x31	2	2	2
x32	2	2	2
x36	2	2	2
x37	2	2	2
x40	2	2	2
x43	2	2	2
x45	2	2	2
x52	2	2	2
x55	2	2	2
x56	2	2	2
x58	2	2	2
x63	2	2	2
x64	2	2	2
x66	2	2	2
x81	2	2	2
x82	2	2	2
x87	2	2	2
x92	2	2	2
x95	2	2	2
x96	2	2	2
x98	2	2	2
x102	2	2	2
x110	2	2	2
x112	2	2	2
x113	2	2	2
x114	2	2	2
x115	2	2	2
x117	2	2	2
x122	2	2	2
x126	2	2	2
x128	2	2	2
x131	2	2	2
x133	2	2	2
x137	2	2	2
x142	2	2	2
x143	2	2	2
x146	2	2	2
x147	2	2	2
x151	2	2	2
x152	2	2	2
x153	2	2	2
x155	2	2	2
x159	2	2	2
x166	2	2	2
x167	2	2	2
x168	2	2	2
x170	2	2	2
x171	2	2	2
x172	2	2	2
x174	2	2	2
x175	2	2	2
x179	2	2	2
x181	2	2	2
x182	2	2	2
x183	2	2	2
x184	2	2	2
x197	2	2	2
x198	2	2	2
x200	2	2	2
x205	2	2	2
x208	2	2	2
x209	2	2	2
x210	2	2	2
x212	2	2	2
x215	2	2	2
x218	2	2	2
x219	2	2	2
x220	2	2	2
x222	2	2	2
x227	2	2	2
x228	2	2	2
x230	2	2	2
x236	2	2	2
x239	2	2	2
x245	2	2	2
x246	2	2	2
x250	2	2	2
x254	2	2	2
x256	2	2	2
x258	2	2	2
x261	2	2	2
x264	2	2	2
x266	2	2	2
x267	2	2	2
x269	2	2	2
x270	2	2	2
x273	2	2	2
x275	2	2	2
x279	2	2	2
x280	2	2	2
x283	2	2	2
x284	2	2	2
x285	2	2	2
x287	2	2	2
x288	2	2	2
x299	2	2	2
x302	2	2	2
x305	2	2	2
x309	2	2	2
x315	2	2	2
x317	2	2	2
x318	2	2	2
x320	2	2	2
x324	2	2	2
x327	2	2	2
x330	2	2	2
x336	2	2	2
x337	2	2	2
x338	2	2	2
x341	2	2	2
x347	2	2	2
x349	2	2	2
x351	2	2	2
x353	2	2	2
x354	2	2	2
x356	2	2	2
x360	2	2	2
x361	2	2	2
x362	2	2	2
x363	2	2	2
x364	2	2	2
x372	2	2	2
x375	2	2	2
x379	2	2	2
x381	2	2	2
x386	2	2	2
x389	2	2	2
x396	2	2	2
x399	2	2	2
x400	2	2	2
x404	2	2	2
x405	2	2	2
x406	2	2	2
x410	2	2	2
x411	2	2	2
x412	2	2	2
x415	2	2	2
x416	2	2	2
x417	2	2	2
x420	2	2	2
x421	2	2	2
x422	2	2	2
x427	2	2	2
x428	2	2	2
x435	2	2	2
x436	2	2	2
x439	2	2	2
x453	2	2	2
x454	2	2	2
x455	2	2	2
x459	2	2	2
x467	2	2	2
x468	2	2	2
x469	2	2	2
x473	2	2	2
x476	2	2	2
x479	2	2	2
x481	2	2	2
x483	2	2	2
x488	2	2	2
x494	2	2	2
x495	2	2	2
x496	2	2	2
x501	2	2	2
x504	2	2	2
x509	2	2	2
x511	2	2	2
x512	2	2	2
x514	2	2	2
x515	2	2	2
x519	2	2	2
x521	2	2	2
x522	2	2	2
x523	2	2	2
x525	2	2	2
x528	2	2	2
x529	2	2	2
x534	2	2	2
x535	2	2	2
x536	2	2	2
x539	2	2	2
x543	2	2	2
x544	2	2	2
x550	2	2	2
x551	2	2	2
x557	2	2	2
x562	2	2	2
x564	2	2	2
x565	2	2	2
x568	2	2	2
x569	2	2	2
x571	2	2	2
x572	2	2	2
x576	2	2	2
x578	2	2	2
x579	2	2	2
x580	2	2	2
x581	2	2	2
x584	2	2	2
x585	2	2	2
x589	2	2	2
x593	2	2	2
x595	2	2	2
x602	2	2	2
x606	2	2	2
x607	2	2	2
x612	2	2	2
x613	2	2	2
x614	2	2	2
x617	2	2	2
x618	2	2	2
x619	2	2	2
x621	2	2	2
x622	2	2	2
x626	2	2	2
x627	2	2	2
x631	2	2	2
x634	2	2	2
x636	2	2	2
x639	2	2	2
x641	2	2	2
x643	2	2	2
x644	2	2	2
x645	2	2	2
x654	2	2	2
x655	2	2	2
x659	2	2	2
x662	2	2	2
x671	2	2	2
x672	2	2	2
x673	2	2	2
x676	2	2	2
x677	2	2	2
x678	2	2	2
x679	2	2	2
x681	2	2	2
x682	2	2	2
x683	2	2	2
x688	2	2	2
x690	2	2	2
x694	2	2	2
x697	2	2	2
x701	2	2	2
x703	2	2	2
x705	2	2	2
x708	2	2	2
x711	2	2	2
x712	2	2	2
x714	2	2	2
x715	2	2	2
x718	2	2	2
x720	2	2	2
x724	2	2	2
x726	2	2	2
x727	2	2	2
x731	2	2	2
x740	2	2	2
x742	2	2	2
x744	2	2	2
x746	2	2	2
x750	2	2	2
x751	2	2	2
x754	2	2	2
x756	2	2	2
x760	2	2	2
x761	2	2	2
x762	2	2	2
x764	2	2	2
x771	2	2	2
x775	2	2	2
x776	2	2	2
x778	2	2	2
x780	2	2	2
x782	2	2	2
x787	2	2	2
x793	2	2	2
x795	2	2	2
x796	2	2	2
x797	2	2	2
x798	2	2	2
x800	2	2	2
x802	2	2	2
x806	2	2	2
x810	2	2	2
x814	2	2	2
x815	2	2	2
x820	2	2	2
x824	2	2	2
x831	2	2	2
x833	2	2	2
x834	2	2	2
x835	2	2	2
x838	2	2	2
x847	2	2	2
x848	2	2	2
x851	2	2	2
x855	2	2	2
x857	2	2	2
x860	2	2	2
x862	2	2	2
x863	2	2	2
x864	2	2	2
x865	2	2	2
x867	2	2	2
x871	2	2	2
x873	2	2	2
x878	2	2	2
x880	2	2	2
x882	2	2	2
x885	2	2	2
x886	2	2	2
x894	2	2	2
x901	2	2	2
x904	2	2	2
x906	2	2	2
x907	2	2	2
x908	2	2	2
x909	2	2	2
x914	2	2	2
x920	2	2	2
x922	2	2	2
x925	2	2	2
x928	2	2	2
x929	2	2	2
x930	2	2	2
x931	2	2	2
x932	2	2	2
x933	2	2	2
x936	2	2	2
x940	2	2	2
x941	2	2	2
x942	2	2	2
x943	2	2	2
x944	2	2	2
x946	2	2	2
x950	2	2	2
x951	2	2	2
x953	2	2	2
x958	2	2	2
x962	2	2	2
x963	2	2	2
x965	2	2	2
x969	2	2	2
x970	2	2	2
x974	2	2	2
x978	2	2	2
x979	2	2	2
x985	2	2	2
x988	2	2	2
x992	2	2	2
x993	2	2	2
x995	2	2	2
x996	2	2	2
x997	2	2	2
x998	2	2	2

(498, 2, 3), X=[1,3,4,7,8,10,11,15,16,17,22,23,24,25,26,29,31,35,36,38,41,42,43,48,49,51,52,55,57,59,60,61,65,66,67,68,69,72,73,74,76,77,78,81,83,85,86,90,93,95,97,100,103,105,107,109,111,112,114,115,116,120,122,123,125,127,128,130,131,134,135,136,137,140,141,145,146,147,148,149,150,151,153,156,157,160,161,165,166,168,169,172,173,176,179,185,188,189,190,191,192,193,195,196,197,200,202,203,205,206,208,211,220,221,223,225,232,234,235,236,238,240,243,245,246,247,248,257,258,260,263,264,266,271,272,274,276,277,280,281,282,283,286,290,291,292,296,297,300,301,303,304,306,310,311,312,314,315,316,317,318,319,320,321,322,323,324,326,329,330,333,335,338,339,342,343,344,347,350,352,353,355,356,357,359,360,363,364,368,369,370,371,373,374,375,377,378,379,380,382,384,385,387,390,391,393,394,396,398,399,400,403,404,407,409,411,413,415,416,420,422,424,425,426,427,429,430,432,433,434,435,437,438,439,442,443,444,446,447,448,450,451,454,455,456,457,458,459,460,462,469,474,475,476,481,484,487,489,490,493,494,497,499,500,501,502,503,505,506,508,509,510,511,516,518,519,528,529,532,533,535,536,537,538,540,541,542,544,546,547,553,555,556,559,561,562,563,564,566,567,577,578,579,581,584,585,588,589,590,591,595,598,599,602,603,606,607,608,613,614,617,620,621,624,625,627,629,630,632,635,640,642,643,644,645,650,651,652,653,655,657,660,661,662,663,664,667,668,671,674,679,682,683,686,687,689,690,691,695,699,700,703,705,710,711,712,714,718,720,721,722,724,725,726,729,730,731,732,737,738,739,740,743,744,746,747,752,753,754,756,761,762,763,766,769,772,774,776,778,781,785,789,790,792,794,796,800,802,805,806,807,810,812,814,815,818,819,820,823,827,829,830,834,838,839,841,843,846,847,848,850,852,858,859,865,869,870,872,873,874,876,878,883,884,890,891,897,901,904,905,906,910,911,912,915,922,924,926,927,929,930,931,933,934,935,938,939,941,942,945,946,947,948,950,952,954,956,957,959,960,961,963,965,970,971,975,978,980,982,984,987,989,991,992,995,996,997,998], Y=[0,7], Z=[39,40,41], RowPattern=Constant, ColumnPattern=Constant, ContextPattern=Constant, %Missings=0, %Noise=0, %Errors=0 PlaidCoherency=None

Context: 39
X	y0	y7
x1	2	2
x3	2	2
x4	2	2
x7	2	2
x8	2	2
x10	2	2
x11	2	2
x15	2	2
x16	2	2
x17	2	2
x22	2	2
x23	2	2
x24	2	2
x25	2	2
x26	2	2
x29	2	2
x31	2	2
x35	2	2
x36	2	2
x38	2	2
x41	2	2
x42	2	2
x43	2	2
x48	2	2
x49	2	2
x51	2	2
x52	2	2
x55	2	2
x57	2	2
x59	2	2
x60	2	2
x61	2	2
x65	2	2
x66	2	2
x67	2	2
x68	2	2
x69	2	2
x72	2	2
x73	2	2
x74	2	2
x76	2	2
x77	2	2
x78	2	2
x81	2	2
x83	2	2
x85	2	2
x86	2	2
x90	2	2
x93	2	2
x95	2	2
x97	2	2
x100	2	2
x103	2	2
x105	2	2
x107	2	2
x109	2	2
x111	2	2
x112	2	2
x114	2	2
x115	2	2
x116	2	2
x120	2	2
x122	2	2
x123	2	2
x125	2	2
x127	2	2
x128	2	2
x130	2	2
x131	2	2
x134	2	2
x135	2	2
x136	2	2
x137	2	2
x140	2	2
x141	2	2
x145	2	2
x146	2	2
x147	2	2
x148	2	2
x149	2	2
x150	2	2
x151	2	2
x153	2	2
x156	2	2
x157	2	2
x160	2	2
x161	2	2
x165	2	2
x166	2	2
x168	2	2
x169	2	2
x172	2	2
x173	2	2
x176	2	2
x179	2	2
x185	2	2
x188	2	2
x189	2	2
x190	2	2
x191	2	2
x192	2	2
x193	2	2
x195	2	2
x196	2	2
x197	2	2
x200	2	2
x202	2	2
x203	2	2
x205	2	2
x206	2	2
x208	2	2
x211	2	2
x220	2	2
x221	2	2
x223	2	2
x225	2	2
x232	2	2
x234	2	2
x235	2	2
x236	2	2
x238	2	2
x240	2	2
x243	2	2
x245	2	2
x246	2	2
x247	2	2
x248	2	2
x257	2	2
x258	2	2
x260	2	2
x263	2	2
x264	2	2
x266	2	2
x271	2	2
x272	2	2
x274	2	2
x276	2	2
x277	2	2
x280	2	2
x281	2	2
x282	2	2
x283	2	2
x286	2	2
x290	2	2
x291	2	2
x292	2	2
x296	2	2
x297	2	2
x300	2	2
x301	2	2
x303	2	2
x304	2	2
x306	2	2
x310	2	2
x311	2	2
x312	2	2
x314	2	2
x315	2	2
x316	2	2
x317	2	2
x318	2	2
x319	2	2
x320	2	2
x321	2	2
x322	2	2
x323	2	2
x324	2	2
x326	2	2
x329	2	2
x330	2	2
x333	2	2
x335	2	2
x338	2	2
x339	2	2
x342	2	2
x343	2	2
x344	2	2
x347	2	2
x350	2	2
x352	2	2
x353	2	2
x355	2	2
x356	2	2
x357	2	2
x359	2	2
x360	2	2
x363	2	2
x364	2	2
x368	2	2
x369	2	2
x370	2	2
x371	2	2
x373	2	2
x374	2	2
x375	2	2
x377	2	2
x378	2	2
x379	2	2
x380	2	2
x382	2	2
x384	2	2
x385	2	2
x387	2	2
x390	2	2
x391	2	2
x393	2	2
x394	2	2
x396	2	2
x398	2	2
x399	2	2
x400	2	2
x403	2	2
x404	2	2
x407	2	2
x409	2	2
x411	2	2
x413	2	2
x415	2	2
x416	2	2
x420	2	2
x422	2	2
x424	2	2
x425	2	2
x426	2	2
x427	2	2
x429	2	2
x430	2	2
x432	2	2
x433	2	2
x434	2	2
x435	2	2
x437	2	2
x438	2	2
x439	2	2
x442	2	2
x443	2	2
x444	2	2
x446	2	2
x447	2	2
x448	2	2
x450	2	2
x451	2	2
x454	2	2
x455	2	2
x456	2	2
x457	2	2
x458	2	2
x459	2	2
x460	2	2
x462	2	2
x469	2	2
x474	2	2
x475	2	2
x476	2	2
x481	2	2
x484	2	2
x487	2	2
x489	2	2
x490	2	2
x493	2	2
x494	2	2
x497	2	2
x499	2	2
x500	2	2
x501	2	2
x502	2	2
x503	2	2
x505	2	2
x506	2	2
x508	2	2
x509	2	2
x510	2	2
x511	2	2
x516	2	2
x518	2	2
x519	2	2
x528	2	2
x529	2	2
x532	2	2
x533	2	2
x535	2	2
x536	2	2
x537	2	2
x538	2	2
x540	2	2
x541	2	2
x542	2	2
x544	2	2
x546	2	2
x547	2	2
x553	2	2
x555	2	2
x556	2	2
x559	2	2
x561	2	2
x562	2	2
x563	2	2
x564	2	2
x566	2	2
x567	2	2
x577	2	2
x578	2	2
x579	2	2
x581	2	2
x584	2	2
x585	2	2
x588	2	2
x589	2	2
x590	2	2
x591	2	2
x595	2	2
x598	2	2
x599	2	2
x602	2	2
x603	2	2
x606	2	2
x607	2	2
x608	2	2
x613	2	2
x614	2	2
x617	2	2
x620	2	2
x621	2	2
x624	2	2
x625	2	2
x627	2	2
x629	2	2
x630	2	2
x632	2	2
x635	2	2
x640	2	2
x642	2	2
x643	2	2
x644	2	2
x645	2	2
x650	2	2
x651	2	2
x652	2	2
x653	2	2
x655	2	2
x657	2	2
x660	2	2
x661	2	2
x662	2	2
x663	2	2
x664	2	2
x667	2	2
x668	2	2
x671	2	2
x674	2	2
x679	2	2
x682	2	2
x683	2	2
x686	2	2
x687	2	2
x689	2	2
x690	2	2
x691	2	2
x695	2	2
x699	2	2
x700	2	2
x703	2	2
x705	2	2
x710	2	2
x711	2	2
x712	2	2
x714	2	2
x718	2	2
x720	2	2
x721	2	2
x722	2	2
x724	2	2
x725	2	2
x726	2	2
x729	2	2
x730	2	2
x731	2	2
x732	2	2
x737	2	2
x738	2	2
x739	2	2
x740	2	2
x743	2	2
x744	2	2
x746	2	2
x747	2	2
x752	2	2
x753	2	2
x754	2	2
x756	2	2
x761	2	2
x762	2	2
x763	2	2
x766	2	2
x769	2	2
x772	2	2
x774	2	2
x776	2	2
x778	2	2
x781	2	2
x785	2	2
x789	2	2
x790	2	2
x792	2	2
x794	2	2
x796	2	2
x800	2	2
x802	2	2
x805	2	2
x806	2	2
x807	2	2
x810	2	2
x812	2	2
x814	2	2
x815	2	2
x818	2	2
x819	2	2
x820	2	2
x823	2	2
x827	2	2
x829	2	2
x830	2	2
x834	2	2
x838	2	2
x839	2	2
x841	2	2
x843	2	2
x846	2	2
x847	2	2
x848	2	2
x850	2	2
x852	2	2
x858	2	2
x859	2	2
x865	2	2
x869	2	2
x870	2	2
x872	2	2
x873	2	2
x874	2	2
x876	2	2
x878	2	2
x883	2	2
x884	2	2
x890	2	2
x891	2	2
x897	2	2
x901	2	2
x904	2	2
x905	2	2
x906	2	2
x910	2	2
x911	2	2
x912	2	2
x915	2	2
x922	2	2
x924	2	2
x926	2	2
x927	2	2
x929	2	2
x930	2	2
x931	2	2
x933	2	2
x934	2	2
x935	2	2
x938	2	2
x939	2	2
x941	2	2
x942	2	2
x945	2	2
x946	2	2
x947	2	2
x948	2	2
x950	2	2
x952	2	2
x954	2	2
x956	2	2
x957	2	2
x959	2	2
x960	2	2
x961	2	2
x963	2	2
x965	2	2
x970	2	2
x971	2	2
x975	2	2
x978	2	2
x980	2	2
x982	2	2
x984	2	2
x987	2	2
x989	2	2
x991	2	2
x992	2	2
x995	2	2
x996	2	2
x997	2	2
x998	2	2

Context: 40
X	y0	y7
x1	2	2
x3	2	2
x4	2	2
x7	2	2
x8	2	2
x10	2	2
x11	2	2
x15	2	2
x16	2	2
x17	2	2
x22	2	2
x23	2	2
x24	2	2
x25	2	2
x26	2	2
x29	2	2
x31	2	2
x35	2	2
x36	2	2
x38	2	2
x41	2	2
x42	2	2
x43	2	2
x48	2	2
x49	2	2
x51	2	2
x52	2	2
x55	2	2
x57	2	2
x59	2	2
x60	2	2
x61	2	2
x65	2	2
x66	2	2
x67	2	2
x68	2	2
x69	2	2
x72	2	2
x73	2	2
x74	2	2
x76	2	2
x77	2	2
x78	2	2
x81	2	2
x83	2	2
x85	2	2
x86	2	2
x90	2	2
x93	2	2
x95	2	2
x97	2	2
x100	2	2
x103	2	2
x105	2	2
x107	2	2
x109	2	2
x111	2	2
x112	2	2
x114	2	2
x115	2	2
x116	2	2
x120	2	2
x122	2	2
x123	2	2
x125	2	2
x127	2	2
x128	2	2
x130	2	2
x131	2	2
x134	2	2
x135	2	2
x136	2	2
x137	2	2
x140	2	2
x141	2	2
x145	2	2
x146	2	2
x147	2	2
x148	2	2
x149	2	2
x150	2	2
x151	2	2
x153	2	2
x156	2	2
x157	2	2
x160	2	2
x161	2	2
x165	2	2
x166	2	2
x168	2	2
x169	2	2
x172	2	2
x173	2	2
x176	2	2
x179	2	2
x185	2	2
x188	2	2
x189	2	2
x190	2	2
x191	2	2
x192	2	2
x193	2	2
x195	2	2
x196	2	2
x197	2	2
x200	2	2
x202	2	2
x203	2	2
x205	2	2
x206	2	2
x208	2	2
x211	2	2
x220	2	2
x221	2	2
x223	2	2
x225	2	2
x232	2	2
x234	2	2
x235	2	2
x236	2	2
x238	2	2
x240	2	2
x243	2	2
x245	2	2
x246	2	2
x247	2	2
x248	2	2
x257	2	2
x258	2	2
x260	2	2
x263	2	2
x264	2	2
x266	2	2
x271	2	2
x272	2	2
x274	2	2
x276	2	2
x277	2	2
x280	2	2
x281	2	2
x282	2	2
x283	2	2
x286	2	2
x290	2	2
x291	2	2
x292	2	2
x296	2	2
x297	2	2
x300	2	2
x301	2	2
x303	2	2
x304	2	2
x306	2	2
x310	2	2
x311	2	2
x312	2	2
x314	2	2
x315	2	2
x316	2	2
x317	2	2
x318	2	2
x319	2	2
x320	2	2
x321	2	2
x322	2	2
x323	2	2
x324	2	2
x326	2	2
x329	2	2
x330	2	2
x333	2	2
x335	2	2
x338	2	2
x339	2	2
x342	2	2
x343	2	2
x344	2	2
x347	2	2
x350	2	2
x352	2	2
x353	2	2
x355	2	2
x356	2	2
x357	2	2
x359	2	2
x360	2	2
x363	2	2
x364	2	2
x368	2	2
x369	2	2
x370	2	2
x371	2	2
x373	2	2
x374	2	2
x375	2	2
x377	2	2
x378	2	2
x379	2	2
x380	2	2
x382	2	2
x384	2	2
x385	2	2
x387	2	2
x390	2	2
x391	2	2
x393	2	2
x394	2	2
x396	2	2
x398	2	2
x399	2	2
x400	2	2
x403	2	2
x404	2	2
x407	2	2
x409	2	2
x411	2	2
x413	2	2
x415	2	2
x416	2	2
x420	2	2
x422	2	2
x424	2	2
x425	2	2
x426	2	2
x427	2	2
x429	2	2
x430	2	2
x432	2	2
x433	2	2
x434	2	2
x435	2	2
x437	2	2
x438	2	2
x439	2	2
x442	2	2
x443	2	2
x444	2	2
x446	2	2
x447	2	2
x448	2	2
x450	2	2
x451	2	2
x454	2	2
x455	2	2
x456	2	2
x457	2	2
x458	2	2
x459	2	2
x460	2	2
x462	2	2
x469	2	2
x474	2	2
x475	2	2
x476	2	2
x481	2	2
x484	2	2
x487	2	2
x489	2	2
x490	2	2
x493	2	2
x494	2	2
x497	2	2
x499	2	2
x500	2	2
x501	2	2
x502	2	2
x503	2	2
x505	2	2
x506	2	2
x508	2	2
x509	2	2
x510	2	2
x511	2	2
x516	2	2
x518	2	2
x519	2	2
x528	2	2
x529	2	2
x532	2	2
x533	2	2
x535	2	2
x536	2	2
x537	2	2
x538	2	2
x540	2	2
x541	2	2
x542	2	2
x544	2	2
x546	2	2
x547	2	2
x553	2	2
x555	2	2
x556	2	2
x559	2	2
x561	2	2
x562	2	2
x563	2	2
x564	2	2
x566	2	2
x567	2	2
x577	2	2
x578	2	2
x579	2	2
x581	2	2
x584	2	2
x585	2	2
x588	2	2
x589	2	2
x590	2	2
x591	2	2
x595	2	2
x598	2	2
x599	2	2
x602	2	2
x603	2	2
x606	2	2
x607	2	2
x608	2	2
x613	2	2
x614	2	2
x617	2	2
x620	2	2
x621	2	2
x624	2	2
x625	2	2
x627	2	2
x629	2	2
x630	2	2
x632	2	2
x635	2	2
x640	2	2
x642	2	2
x643	2	2
x644	2	2
x645	2	2
x650	2	2
x651	2	2
x652	2	2
x653	2	2
x655	2	2
x657	2	2
x660	2	2
x661	2	2
x662	2	2
x663	2	2
x664	2	2
x667	2	2
x668	2	2
x671	2	2
x674	2	2
x679	2	2
x682	2	2
x683	2	2
x686	2	2
x687	2	2
x689	2	2
x690	2	2
x691	2	2
x695	2	2
x699	2	2
x700	2	2
x703	2	2
x705	2	2
x710	2	2
x711	2	2
x712	2	2
x714	2	2
x718	2	2
x720	2	2
x721	2	2
x722	2	2
x724	2	2
x725	2	2
x726	2	2
x729	2	2
x730	2	2
x731	2	2
x732	2	2
x737	2	2
x738	2	2
x739	2	2
x740	2	2
x743	2	2
x744	2	2
x746	2	2
x747	2	2
x752	2	2
x753	2	2
x754	2	2
x756	2	2
x761	2	2
x762	2	2
x763	2	2
x766	2	2
x769	2	2
x772	2	2
x774	2	2
x776	2	2
x778	2	2
x781	2	2
x785	2	2
x789	2	2
x790	2	2
x792	2	2
x794	2	2
x796	2	2
x800	2	2
x802	2	2
x805	2	2
x806	2	2
x807	2	2
x810	2	2
x812	2	2
x814	2	2
x815	2	2
x818	2	2
x819	2	2
x820	2	2
x823	2	2
x827	2	2
x829	2	2
x830	2	2
x834	2	2
x838	2	2
x839	2	2
x841	2	2
x843	2	2
x846	2	2
x847	2	2
x848	2	2
x850	2	2
x852	2	2
x858	2	2
x859	2	2
x865	2	2
x869	2	2
x870	2	2
x872	2	2
x873	2	2
x874	2	2
x876	2	2
x878	2	2
x883	2	2
x884	2	2
x890	2	2
x891	2	2
x897	2	2
x901	2	2
x904	2	2
x905	2	2
x906	2	2
x910	2	2
x911	2	2
x912	2	2
x915	2	2
x922	2	2
x924	2	2
x926	2	2
x927	2	2
x929	2	2
x930	2	2
x931	2	2
x933	2	2
x934	2	2
x935	2	2
x938	2	2
x939	2	2
x941	2	2
x942	2	2
x945	2	2
x946	2	2
x947	2	2
x948	2	2
x950	2	2
x952	2	2
x954	2	2
x956	2	2
x957	2	2
x959	2	2
x960	2	2
x961	2	2
x963	2	2
x965	2	2
x970	2	2
x971	2	2
x975	2	2
x978	2	2
x980	2	2
x982	2	2
x984	2	2
x987	2	2
x989	2	2
x991	2	2
x992	2	2
x995	2	2
x996	2	2
x997	2	2
x998	2	2

Context: 41
X	y0	y7
x1	2	2
x3	2	2
x4	2	2
x7	2	2
x8	2	2
x10	2	2
x11	2	2
x15	2	2
x16	2	2
x17	2	2
x22	2	2
x23	2	2
x24	2	2
x25	2	2
x26	2	2
x29	2	2
x31	2	2
x35	2	2
x36	2	2
x38	2	2
x41	2	2
x42	2	2
x43	2	2
x48	2	2
x49	2	2
x51	2	2
x52	2	2
x55	2	2
x57	2	2
x59	2	2
x60	2	2
x61	2	2
x65	2	2
x66	2	2
x67	2	2
x68	2	2
x69	2	2
x72	2	2
x73	2	2
x74	2	2
x76	2	2
x77	2	2
x78	2	2
x81	2	2
x83	2	2
x85	2	2
x86	2	2
x90	2	2
x93	2	2
x95	2	2
x97	2	2
x100	2	2
x103	2	2
x105	2	2
x107	2	2
x109	2	2
x111	2	2
x112	2	2
x114	2	2
x115	2	2
x116	2	2
x120	2	2
x122	2	2
x123	2	2
x125	2	2
x127	2	2
x128	2	2
x130	2	2
x131	2	2
x134	2	2
x135	2	2
x136	2	2
x137	2	2
x140	2	2
x141	2	2
x145	2	2
x146	2	2
x147	2	2
x148	2	2
x149	2	2
x150	2	2
x151	2	2
x153	2	2
x156	2	2
x157	2	2
x160	2	2
x161	2	2
x165	2	2
x166	2	2
x168	2	2
x169	2	2
x172	2	2
x173	2	2
x176	2	2
x179	2	2
x185	2	2
x188	2	2
x189	2	2
x190	2	2
x191	2	2
x192	2	2
x193	2	2
x195	2	2
x196	2	2
x197	2	2
x200	2	2
x202	2	2
x203	2	2
x205	2	2
x206	2	2
x208	2	2
x211	2	2
x220	2	2
x221	2	2
x223	2	2
x225	2	2
x232	2	2
x234	2	2
x235	2	2
x236	2	2
x238	2	2
x240	2	2
x243	2	2
x245	2	2
x246	2	2
x247	2	2
x248	2	2
x257	2	2
x258	2	2
x260	2	2
x263	2	2
x264	2	2
x266	2	2
x271	2	2
x272	2	2
x274	2	2
x276	2	2
x277	2	2
x280	2	2
x281	2	2
x282	2	2
x283	2	2
x286	2	2
x290	2	2
x291	2	2
x292	2	2
x296	2	2
x297	2	2
x300	2	2
x301	2	2
x303	2	2
x304	2	2
x306	2	2
x310	2	2
x311	2	2
x312	2	2
x314	2	2
x315	2	2
x316	2	2
x317	2	2
x318	2	2
x319	2	2
x320	2	2
x321	2	2
x322	2	2
x323	2	2
x324	2	2
x326	2	2
x329	2	2
x330	2	2
x333	2	2
x335	2	2
x338	2	2
x339	2	2
x342	2	2
x343	2	2
x344	2	2
x347	2	2
x350	2	2
x352	2	2
x353	2	2
x355	2	2
x356	2	2
x357	2	2
x359	2	2
x360	2	2
x363	2	2
x364	2	2
x368	2	2
x369	2	2
x370	2	2
x371	2	2
x373	2	2
x374	2	2
x375	2	2
x377	2	2
x378	2	2
x379	2	2
x380	2	2
x382	2	2
x384	2	2
x385	2	2
x387	2	2
x390	2	2
x391	2	2
x393	2	2
x394	2	2
x396	2	2
x398	2	2
x399	2	2
x400	2	2
x403	2	2
x404	2	2
x407	2	2
x409	2	2
x411	2	2
x413	2	2
x415	2	2
x416	2	2
x420	2	2
x422	2	2
x424	2	2
x425	2	2
x426	2	2
x427	2	2
x429	2	2
x430	2	2
x432	2	2
x433	2	2
x434	2	2
x435	2	2
x437	2	2
x438	2	2
x439	2	2
x442	2	2
x443	2	2
x444	2	2
x446	2	2
x447	2	2
x448	2	2
x450	2	2
x451	2	2
x454	2	2
x455	2	2
x456	2	2
x457	2	2
x458	2	2
x459	2	2
x460	2	2
x462	2	2
x469	2	2
x474	2	2
x475	2	2
x476	2	2
x481	2	2
x484	2	2
x487	2	2
x489	2	2
x490	2	2
x493	2	2
x494	2	2
x497	2	2
x499	2	2
x500	2	2
x501	2	2
x502	2	2
x503	2	2
x505	2	2
x506	2	2
x508	2	2
x509	2	2
x510	2	2
x511	2	2
x516	2	2
x518	2	2
x519	2	2
x528	2	2
x529	2	2
x532	2	2
x533	2	2
x535	2	2
x536	2	2
x537	2	2
x538	2	2
x540	2	2
x541	2	2
x542	2	2
x544	2	2
x546	2	2
x547	2	2
x553	2	2
x555	2	2
x556	2	2
x559	2	2
x561	2	2
x562	2	2
x563	2	2
x564	2	2
x566	2	2
x567	2	2
x577	2	2
x578	2	2
x579	2	2
x581	2	2
x584	2	2
x585	2	2
x588	2	2
x589	2	2
x590	2	2
x591	2	2
x595	2	2
x598	2	2
x599	2	2
x602	2	2
x603	2	2
x606	2	2
x607	2	2
x608	2	2
x613	2	2
x614	2	2
x617	2	2
x620	2	2
x621	2	2
x624	2	2
x625	2	2
x627	2	2
x629	2	2
x630	2	2
x632	2	2
x635	2	2
x640	2	2
x642	2	2
x643	2	2
x644	2	2
x645	2	2
x650	2	2
x651	2	2
x652	2	2
x653	2	2
x655	2	2
x657	2	2
x660	2	2
x661	2	2
x662	2	2
x663	2	2
x664	2	2
x667	2	2
x668	2	2
x671	2	2
x674	2	2
x679	2	2
x682	2	2
x683	2	2
x686	2	2
x687	2	2
x689	2	2
x690	2	2
x691	2	2
x695	2	2
x699	2	2
x700	2	2
x703	2	2
x705	2	2
x710	2	2
x711	2	2
x712	2	2
x714	2	2
x718	2	2
x720	2	2
x721	2	2
x722	2	2
x724	2	2
x725	2	2
x726	2	2
x729	2	2
x730	2	2
x731	2	2
x732	2	2
x737	2	2
x738	2	2
x739	2	2
x740	2	2
x743	2	2
x744	2	2
x746	2	2
x747	2	2
x752	2	2
x753	2	2
x754	2	2
x756	2	2
x761	2	2
x762	2	2
x763	2	2
x766	2	2
x769	2	2
x772	2	2
x774	2	2
x776	2	2
x778	2	2
x781	2	2
x785	2	2
x789	2	2
x790	2	2
x792	2	2
x794	2	2
x796	2	2
x800	2	2
x802	2	2
x805	2	2
x806	2	2
x807	2	2
x810	2	2
x812	2	2
x814	2	2
x815	2	2
x818	2	2
x819	2	2
x820	2	2
x823	2	2
x827	2	2
x829	2	2
x830	2	2
x834	2	2
x838	2	2
x839	2	2
x841	2	2
x843	2	2
x846	2	2
x847	2	2
x848	2	2
x850	2	2
x852	2	2
x858	2	2
x859	2	2
x865	2	2
x869	2	2
x870	2	2
x872	2	2
x873	2	2
x874	2	2
x876	2	2
x878	2	2
x883	2	2
x884	2	2
x890	2	2
x891	2	2
x897	2	2
x901	2	2
x904	2	2
x905	2	2
x906	2	2
x910	2	2
x911	2	2
x912	2	2
x915	2	2
x922	2	2
x924	2	2
x926	2	2
x927	2	2
x929	2	2
x930	2	2
x931	2	2
x933	2	2
x934	2	2
x935	2	2
x938	2	2
x939	2	2
x941	2	2
x942	2	2
x945	2	2
x946	2	2
x947	2	2
x948	2	2
x950	2	2
x952	2	2
x954	2	2
x956	2	2
x957	2	2
x959	2	2
x960	2	2
x961	2	2
x963	2	2
x965	2	2
x970	2	2
x971	2	2
x975	2	2
x978	2	2
x980	2	2
x982	2	2
x984	2	2
x987	2	2
x989	2	2
x991	2	2
x992	2	2
x995	2	2
x996	2	2
x997	2	2
x998	2	2

(334, 3, 3), X=[5,7,15,18,20,22,24,32,34,35,40,43,45,47,48,50,52,54,55,59,60,64,67,68,71,73,74,77,78,79,80,84,85,87,88,91,97,98,99,102,110,111,113,114,115,116,117,122,125,126,127,130,131,133,135,137,142,143,145,146,154,157,162,163,164,165,166,167,172,174,182,185,189,191,197,198,202,207,208,217,220,221,224,229,236,237,241,242,243,246,250,253,255,256,266,270,271,273,276,279,281,283,289,293,295,299,302,304,307,308,309,313,314,319,320,321,323,327,330,331,336,338,342,343,344,346,347,354,358,362,366,367,369,370,374,375,377,379,381,382,383,385,388,389,393,394,402,404,405,407,408,409,410,416,419,421,428,429,435,438,440,441,442,444,449,450,452,456,460,465,472,477,480,484,486,487,490,497,499,500,502,512,514,515,519,520,522,525,529,533,536,539,540,543,545,546,552,553,555,563,564,566,567,570,571,572,573,581,582,584,590,591,596,601,616,620,621,624,626,629,644,645,649,650,651,653,659,661,667,674,677,680,685,687,689,690,694,695,696,699,701,702,703,709,712,713,717,718,719,722,723,726,727,728,730,734,737,739,740,746,754,762,763,769,770,772,773,774,776,777,778,783,789,790,793,796,800,801,802,803,804,808,812,816,819,821,826,830,831,834,839,840,844,848,849,851,852,857,859,861,873,882,883,884,885,895,898,900,904,907,911,914,919,921,923,926,927,929,930,934,938,943,945,949,951,958,960,963,964,969,971,980,988,995], Y=[8,20,48], Z=[6,7,8], RowPattern=Constant, ColumnPattern=Constant, ContextPattern=Constant, %Missings=0, %Noise=0, %Errors=0 PlaidCoherency=None

Context: 6
X	y8	y20	y48
x5	0	0	0
x7	0	0	0
x15	0	0	0
x18	0	0	0
x20	0	0	0
x22	0	0	0
x24	0	0	0
x32	0	0	0
x34	0	0	0
x35	0	0	0
x40	0	0	0
x43	0	0	0
x45	0	0	0
x47	0	0	0
x48	0	0	0
x50	0	0	0
x52	0	0	0
x54	0	0	0
x55	0	0	0
x59	0	0	0
x60	0	0	0
x64	0	0	0
x67	0	0	0
x68	0	0	0
x71	0	0	0
x73	0	0	0
x74	0	0	0
x77	0	0	0
x78	0	0	0
x79	0	0	0
x80	0	0	0
x84	0	0	0
x85	0	0	0
x87	0	0	0
x88	0	0	0
x91	0	0	0
x97	0	0	0
x98	0	0	0
x99	0	0	0
x102	0	0	0
x110	0	0	0
x111	0	0	0
x113	0	0	0
x114	0	0	0
x115	0	0	0
x116	0	0	0
x117	0	0	0
x122	0	0	0
x125	0	0	0
x126	0	0	0
x127	0	0	0
x130	0	0	0
x131	0	0	0
x133	0	0	0
x135	0	0	0
x137	0	0	0
x142	0	0	0
x143	0	0	0
x145	0	0	0
x146	0	0	0
x154	0	0	0
x157	0	0	0
x162	0	0	0
x163	0	0	0
x164	0	0	0
x165	0	0	0
x166	0	0	0
x167	0	0	0
x172	0	0	0
x174	0	0	0
x182	0	0	0
x185	0	0	0
x189	0	0	0
x191	0	0	0
x197	0	0	0
x198	0	0	0
x202	0	0	0
x207	0	0	0
x208	0	0	0
x217	0	0	0
x220	0	0	0
x221	0	0	0
x224	0	0	0
x229	0	0	0
x236	0	0	0
x237	0	0	0
x241	0	0	0
x242	0	0	0
x243	0	0	0
x246	0	0	0
x250	0	0	0
x253	0	0	0
x255	0	0	0
x256	0	0	0
x266	0	0	0
x270	0	0	0
x271	0	0	0
x273	0	0	0
x276	0	0	0
x279	0	0	0
x281	0	0	0
x283	0	0	0
x289	0	0	0
x293	0	0	0
x295	0	0	0
x299	0	0	0
x302	0	0	0
x304	0	0	0
x307	0	0	0
x308	0	0	0
x309	0	0	0
x313	0	0	0
x314	0	0	0
x319	0	0	0
x320	0	0	0
x321	0	0	0
x323	0	0	0
x327	0	0	0
x330	0	0	0
x331	0	0	0
x336	0	0	0
x338	0	0	0
x342	0	0	0
x343	0	0	0
x344	0	0	0
x346	0	0	0
x347	0	0	0
x354	0	0	0
x358	0	0	0
x362	0	0	0
x366	0	0	0
x367	0	0	0
x369	0	0	0
x370	0	0	0
x374	0	0	0
x375	0	0	0
x377	0	0	0
x379	0	0	0
x381	0	0	0
x382	0	0	0
x383	0	0	0
x385	0	0	0
x388	0	0	0
x389	0	0	0
x393	0	0	0
x394	0	0	0
x402	0	0	0
x404	0	0	0
x405	0	0	0
x407	0	0	0
x408	0	0	0
x409	0	0	0
x410	0	0	0
x416	0	0	0
x419	0	0	0
x421	0	0	0
x428	0	0	0
x429	0	0	0
x435	0	0	0
x438	0	0	0
x440	0	0	0
x441	0	0	0
x442	0	0	0
x444	0	0	0
x449	0	0	0
x450	0	0	0
x452	0	0	0
x456	0	0	0
x460	0	0	0
x465	0	0	0
x472	0	0	0
x477	0	0	0
x480	0	0	0
x484	0	0	0
x486	0	0	0
x487	0	0	0
x490	0	0	0
x497	0	0	0
x499	0	0	0
x500	0	0	0
x502	0	0	0
x512	0	0	0
x514	0	0	0
x515	0	0	0
x519	0	0	0
x520	0	0	0
x522	0	0	0
x525	0	0	0
x529	0	0	0
x533	0	0	0
x536	0	0	0
x539	0	0	0
x540	0	0	0
x543	0	0	0
x545	0	0	0
x546	0	0	0
x552	0	0	0
x553	0	0	0
x555	0	0	0
x563	0	0	0
x564	0	0	0
x566	0	0	0
x567	0	0	0
x570	0	0	0
x571	0	0	0
x572	0	0	0
x573	0	0	0
x581	0	0	0
x582	0	0	0
x584	0	0	0
x590	0	0	0
x591	0	0	0
x596	0	0	0
x601	0	0	0
x616	0	0	0
x620	0	0	0
x621	0	0	0
x624	0	0	0
x626	0	0	0
x629	0	0	0
x644	0	0	0
x645	0	0	0
x649	0	0	0
x650	0	0	0
x651	0	0	0
x653	0	0	0
x659	0	0	0
x661	0	0	0
x667	0	0	0
x674	0	0	0
x677	0	0	0
x680	0	0	0
x685	0	0	0
x687	0	0	0
x689	0	0	0
x690	0	0	0
x694	0	0	0
x695	0	0	0
x696	0	0	0
x699	0	0	0
x701	0	0	0
x702	0	0	0
x703	0	0	0
x709	0	0	0
x712	0	0	0
x713	0	0	0
x717	0	0	0
x718	0	0	0
x719	0	0	0
x722	0	0	0
x723	0	0	0
x726	0	0	0
x727	0	0	0
x728	0	0	0
x730	0	0	0
x734	0	0	0
x737	0	0	0
x739	0	0	0
x740	0	0	0
x746	0	0	0
x754	0	0	0
x762	0	0	0
x763	0	0	0
x769	0	0	0
x770	0	0	0
x772	0	0	0
x773	0	0	0
x774	0	0	0
x776	0	0	0
x777	0	0	0
x778	0	0	0
x783	0	0	0
x789	0	0	0
x790	0	0	0
x793	0	0	0
x796	0	0	0
x800	0	0	0
x801	0	0	0
x802	0	0	0
x803	0	0	0
x804	0	0	0
x808	0	0	0
x812	0	0	0
x816	0	0	0
x819	0	0	0
x821	0	0	0
x826	0	0	0
x830	0	0	0
x831	0	0	0
x834	0	0	0
x839	0	0	0
x840	0	0	0
x844	0	0	0
x848	0	0	0
x849	0	0	0
x851	0	0	0
x852	0	0	0
x857	0	0	0
x859	0	0	0
x861	0	0	0
x873	0	0	0
x882	0	0	0
x883	0	0	0
x884	0	0	0
x885	0	0	0
x895	0	0	0
x898	0	0	0
x900	0	0	0
x904	0	0	0
x907	0	0	0
x911	0	0	0
x914	0	0	0
x919	0	0	0
x921	0	0	0
x923	0	0	0
x926	0	0	0
x927	0	0	0
x929	0	0	0
x930	0	0	0
x934	0	0	0
x938	0	0	0
x943	0	0	0
x945	0	0	0
x949	0	0	0
x951	0	0	0
x958	0	0	0
x960	0	0	0
x963	0	0	0
x964	0	0	0
x969	0	0	0
x971	0	0	0
x980	0	0	0
x988	0	0	0
x995	0	0	0

Context: 7
X	y8	y20	y48
x5	0	0	0
x7	0	0	0
x15	0	0	0
x18	0	0	0
x20	0	0	0
x22	0	0	0
x24	0	0	0
x32	0	0	0
x34	0	0	0
x35	0	0	0
x40	0	0	0
x43	0	0	0
x45	0	0	0
x47	0	0	0
x48	0	0	0
x50	0	0	0
x52	0	0	0
x54	0	0	0
x55	0	0	0
x59	0	0	0
x60	0	0	0
x64	0	0	0
x67	0	0	0
x68	0	0	0
x71	0	0	0
x73	0	0	0
x74	0	0	0
x77	0	0	0
x78	0	0	0
x79	0	0	0
x80	0	0	0
x84	0	0	0
x85	0	0	0
x87	0	0	0
x88	0	0	0
x91	0	0	0
x97	0	0	0
x98	0	0	0
x99	0	0	0
x102	0	0	0
x110	0	0	0
x111	0	0	0
x113	0	0	0
x114	0	0	0
x115	0	0	0
x116	0	0	0
x117	0	0	0
x122	0	0	0
x125	0	0	0
x126	0	0	0
x127	0	0	0
x130	0	0	0
x131	0	0	0
x133	0	0	0
x135	0	0	0
x137	0	0	0
x142	0	0	0
x143	0	0	0
x145	0	0	0
x146	0	0	0
x154	0	0	0
x157	0	0	0
x162	0	0	0
x163	0	0	0
x164	0	0	0
x165	0	0	0
x166	0	0	0
x167	0	0	0
x172	0	0	0
x174	0	0	0
x182	0	0	0
x185	0	0	0
x189	0	0	0
x191	0	0	0
x197	0	0	0
x198	0	0	0
x202	0	0	0
x207	0	0	0
x208	0	0	0
x217	0	0	0
x220	0	0	0
x221	0	0	0
x224	0	0	0
x229	0	0	0
x236	0	0	0
x237	0	0	0
x241	0	0	0
x242	0	0	0
x243	0	0	0
x246	0	0	0
x250	0	0	0
x253	0	0	0
x255	0	0	0
x256	0	0	0
x266	0	0	0
x270	0	0	0
x271	0	0	0
x273	0	0	0
x276	0	0	0
x279	0	0	0
x281	0	0	0
x283	0	0	0
x289	0	0	0
x293	0	0	0
x295	0	0	0
x299	0	0	0
x302	0	0	0
x304	0	0	0
x307	0	0	0
x308	0	0	0
x309	0	0	0
x313	0	0	0
x314	0	0	0
x319	0	0	0
x320	0	0	0
x321	0	0	0
x323	0	0	0
x327	0	0	0
x330	0	0	0
x331	0	0	0
x336	0	0	0
x338	0	0	0
x342	0	0	0
x343	0	0	0
x344	0	0	0
x346	0	0	0
x347	0	0	0
x354	0	0	0
x358	0	0	0
x362	0	0	0
x366	0	0	0
x367	0	0	0
x369	0	0	0
x370	0	0	0
x374	0	0	0
x375	0	0	0
x377	0	0	0
x379	0	0	0
x381	0	0	0
x382	0	0	0
x383	0	0	0
x385	0	0	0
x388	0	0	0
x389	0	0	0
x393	0	0	0
x394	0	0	0
x402	0	0	0
x404	0	0	0
x405	0	0	0
x407	0	0	0
x408	0	0	0
x409	0	0	0
x410	0	0	0
x416	0	0	0
x419	0	0	0
x421	0	0	0
x428	0	0	0
x429	0	0	0
x435	0	0	0
x438	0	0	0
x440	0	0	0
x441	0	0	0
x442	0	0	0
x444	0	0	0
x449	0	0	0
x450	0	0	0
x452	0	0	0
x456	0	0	0
x460	0	0	0
x465	0	0	0
x472	0	0	0
x477	0	0	0
x480	0	0	0
x484	0	0	0
x486	0	0	0
x487	0	0	0
x490	0	0	0
x497	0	0	0
x499	0	0	0
x500	0	0	0
x502	0	0	0
x512	0	0	0
x514	0	0	0
x515	0	0	0
x519	0	0	0
x520	0	0	0
x522	0	0	0
x525	0	0	0
x529	0	0	0
x533	0	0	0
x536	0	0	0
x539	0	0	0
x540	0	0	0
x543	0	0	0
x545	0	0	0
x546	0	0	0
x552	0	0	0
x553	0	0	0
x555	0	0	0
x563	0	0	0
x564	0	0	0
x566	0	0	0
x567	0	0	0
x570	0	0	0
x571	0	0	0
x572	0	0	0
x573	0	0	0
x581	0	0	0
x582	0	0	0
x584	0	0	0
x590	0	0	0
x591	0	0	0
x596	0	0	0
x601	0	0	0
x616	0	0	0
x620	0	0	0
x621	0	0	0
x624	0	0	0
x626	0	0	0
x629	0	0	0
x644	0	0	0
x645	0	0	0
x649	0	0	0
x650	0	0	0
x651	0	0	0
x653	0	0	0
x659	0	0	0
x661	0	0	0
x667	0	0	0
x674	0	0	0
x677	0	0	0
x680	0	0	0
x685	0	0	0
x687	0	0	0
x689	0	0	0
x690	0	0	0
x694	0	0	0
x695	0	0	0
x696	0	0	0
x699	0	0	0
x701	0	0	0
x702	0	0	0
x703	0	0	0
x709	0	0	0
x712	0	0	0
x713	0	0	0
x717	0	0	0
x718	0	0	0
x719	0	0	0
x722	0	0	0
x723	0	0	0
x726	0	0	0
x727	0	0	0
x728	0	0	0
x730	0	0	0
x734	0	0	0
x737	0	0	0
x739	0	0	0
x740	0	0	0
x746	0	0	0
x754	0	0	0
x762	0	0	0
x763	0	0	0
x769	0	0	0
x770	0	0	0
x772	0	0	0
x773	0	0	0
x774	0	0	0
x776	0	0	0
x777	0	0	0
x778	0	0	0
x783	0	0	0
x789	0	0	0
x790	0	0	0
x793	0	0	0
x796	0	0	0
x800	0	0	0
x801	0	0	0
x802	0	0	0
x803	0	0	0
x804	0	0	0
x808	0	0	0
x812	0	0	0
x816	0	0	0
x819	0	0	0
x821	0	0	0
x826	0	0	0
x830	0	0	0
x831	0	0	0
x834	0	0	0
x839	0	0	0
x840	0	0	0
x844	0	0	0
x848	0	0	0
x849	0	0	0
x851	0	0	0
x852	0	0	0
x857	0	0	0
x859	0	0	0
x861	0	0	0
x873	0	0	0
x882	0	0	0
x883	0	0	0
x884	0	0	0
x885	0	0	0
x895	0	0	0
x898	0	0	0
x900	0	0	0
x904	0	0	0
x907	0	0	0
x911	0	0	0
x914	0	0	0
x919	0	0	0
x921	0	0	0
x923	0	0	0
x926	0	0	0
x927	0	0	0
x929	0	0	0
x930	0	0	0
x934	0	0	0
x938	0	0	0
x943	0	0	0
x945	0	0	0
x949	0	0	0
x951	0	0	0
x958	0	0	0
x960	0	0	0
x963	0	0	0
x964	0	0	0
x969	0	0	0
x971	0	0	0
x980	0	0	0
x988	0	0	0
x995	0	0	0

Context: 8
X	y8	y20	y48
x5	0	0	0
x7	0	0	0
x15	0	0	0
x18	0	0	0
x20	0	0	0
x22	0	0	0
x24	0	0	0
x32	0	0	0
x34	0	0	0
x35	0	0	0
x40	0	0	0
x43	0	0	0
x45	0	0	0
x47	0	0	0
x48	0	0	0
x50	0	0	0
x52	0	0	0
x54	0	0	0
x55	0	0	0
x59	0	0	0
x60	0	0	0
x64	0	0	0
x67	0	0	0
x68	0	0	0
x71	0	0	0
x73	0	0	0
x74	0	0	0
x77	0	0	0
x78	0	0	0
x79	0	0	0
x80	0	0	0
x84	0	0	0
x85	0	0	0
x87	0	0	0
x88	0	0	0
x91	0	0	0
x97	0	0	0
x98	0	0	0
x99	0	0	0
x102	0	0	0
x110	0	0	0
x111	0	0	0
x113	0	0	0
x114	0	0	0
x115	0	0	0
x116	0	0	0
x117	0	0	0
x122	0	0	0
x125	0	0	0
x126	0	0	0
x127	0	0	0
x130	0	0	0
x131	0	0	0
x133	0	0	0
x135	0	0	0
x137	0	0	0
x142	0	0	0
x143	0	0	0
x145	0	0	0
x146	0	0	0
x154	0	0	0
x157	0	0	0
x162	0	0	0
x163	0	0	0
x164	0	0	0
x165	0	0	0
x166	0	0	0
x167	0	0	0
x172	0	0	0
x174	0	0	0
x182	0	0	0
x185	0	0	0
x189	0	0	0
x191	0	0	0
x197	0	0	0
x198	0	0	0
x202	0	0	0
x207	0	0	0
x208	0	0	0
x217	0	0	0
x220	0	0	0
x221	0	0	0
x224	0	0	0
x229	0	0	0
x236	0	0	0
x237	0	0	0
x241	0	0	0
x242	0	0	0
x243	0	0	0
x246	0	0	0
x250	0	0	0
x253	0	0	0
x255	0	0	0
x256	0	0	0
x266	0	0	0
x270	0	0	0
x271	0	0	0
x273	0	0	0
x276	0	0	0
x279	0	0	0
x281	0	0	0
x283	0	0	0
x289	0	0	0
x293	0	0	0
x295	0	0	0
x299	0	0	0
x302	0	0	0
x304	0	0	0
x307	0	0	0
x308	0	0	0
x309	0	0	0
x313	0	0	0
x314	0	0	0
x319	0	0	0
x320	0	0	0
x321	0	0	0
x323	0	0	0
x327	0	0	0
x330	0	0	0
x331	0	0	0
x336	0	0	0
x338	0	0	0
x342	0	0	0
x343	0	0	0
x344	0	0	0
x346	0	0	0
x347	0	0	0
x354	0	0	0
x358	0	0	0
x362	0	0	0
x366	0	0	0
x367	0	0	0
x369	0	0	0
x370	0	0	0
x374	0	0	0
x375	0	0	0
x377	0	0	0
x379	0	0	0
x381	0	0	0
x382	0	0	0
x383	0	0	0
x385	0	0	0
x388	0	0	0
x389	0	0	0
x393	0	0	0
x394	0	0	0
x402	0	0	0
x404	0	0	0
x405	0	0	0
x407	0	0	0
x408	0	0	0
x409	0	0	0
x410	0	0	0
x416	0	0	0
x419	0	0	0
x421	0	0	0
x428	0	0	0
x429	0	0	0
x435	0	0	0
x438	0	0	0
x440	0	0	0
x441	0	0	0
x442	0	0	0
x444	0	0	0
x449	0	0	0
x450	0	0	0
x452	0	0	0
x456	0	0	0
x460	0	0	0
x465	0	0	0
x472	0	0	0
x477	0	0	0
x480	0	0	0
x484	0	0	0
x486	0	0	0
x487	0	0	0
x490	0	0	0
x497	0	0	0
x499	0	0	0
x500	0	0	0
x502	0	0	0
x512	0	0	0
x514	0	0	0
x515	0	0	0
x519	0	0	0
x520	0	0	0
x522	0	0	0
x525	0	0	0
x529	0	0	0
x533	0	0	0
x536	0	0	0
x539	0	0	0
x540	0	0	0
x543	0	0	0
x545	0	0	0
x546	0	0	0
x552	0	0	0
x553	0	0	0
x555	0	0	0
x563	0	0	0
x564	0	0	0
x566	0	0	0
x567	0	0	0
x570	0	0	0
x571	0	0	0
x572	0	0	0
x573	0	0	0
x581	0	0	0
x582	0	0	0
x584	0	0	0
x590	0	0	0
x591	0	0	0
x596	0	0	0
x601	0	0	0
x616	0	0	0
x620	0	0	0
x621	0	0	0
x624	0	0	0
x626	0	0	0
x629	0	0	0
x644	0	0	0
x645	0	0	0
x649	0	0	0
x650	0	0	0
x651	0	0	0
x653	0	0	0
x659	0	0	0
x661	0	0	0
x667	0	0	0
x674	0	0	0
x677	0	0	0
x680	0	0	0
x685	0	0	0
x687	0	0	0
x689	0	0	0
x690	0	0	0
x694	0	0	0
x695	0	0	0
x696	0	0	0
x699	0	0	0
x701	0	0	0
x702	0	0	0
x703	0	0	0
x709	0	0	0
x712	0	0	0
x713	0	0	0
x717	0	0	0
x718	0	0	0
x719	0	0	0
x722	0	0	0
x723	0	0	0
x726	0	0	0
x727	0	0	0
x728	0	0	0
x730	0	0	0
x734	0	0	0
x737	0	0	0
x739	0	0	0
x740	0	0	0
x746	0	0	0
x754	0	0	0
x762	0	0	0
x763	0	0	0
x769	0	0	0
x770	0	0	0
x772	0	0	0
x773	0	0	0
x774	0	0	0
x776	0	0	0
x777	0	0	0
x778	0	0	0
x783	0	0	0
x789	0	0	0
x790	0	0	0
x793	0	0	0
x796	0	0	0
x800	0	0	0
x801	0	0	0
x802	0	0	0
x803	0	0	0
x804	0	0	0
x808	0	0	0
x812	0	0	0
x816	0	0	0
x819	0	0	0
x821	0	0	0
x826	0	0	0
x830	0	0	0
x831	0	0	0
x834	0	0	0
x839	0	0	0
x840	0	0	0
x844	0	0	0
x848	0	0	0
x849	0	0	0
x851	0	0	0
x852	0	0	0
x857	0	0	0
x859	0	0	0
x861	0	0	0
x873	0	0	0
x882	0	0	0
x883	0	0	0
x884	0	0	0
x885	0	0	0
x895	0	0	0
x898	0	0	0
x900	0	0	0
x904	0	0	0
x907	0	0	0
x911	0	0	0
x914	0	0	0
x919	0	0	0
x921	0	0	0
x923	0	0	0
x926	0	0	0
x927	0	0	0
x929	0	0	0
x930	0	0	0
x934	0	0	0
x938	0	0	0
x943	0	0	0
x945	0	0	0
x949	0	0	0
x951	0	0	0
x958	0	0	0
x960	0	0	0
x963	0	0	0
x964	0	0	0
x969	0	0	0
x971	0	0	0
x980	0	0	0
x988	0	0	0
x995	0	0	0

(275, 3, 3), X=[0,5,8,17,18,19,30,32,33,34,35,42,43,44,45,52,53,56,58,65,67,71,77,81,83,85,87,93,97,106,108,109,110,116,124,129,130,135,146,147,149,151,158,160,166,167,175,182,183,189,194,195,198,199,200,203,204,206,212,229,230,244,246,248,249,250,251,263,264,266,267,273,277,278,279,282,283,289,293,295,299,305,315,319,320,324,329,331,337,341,345,346,352,354,355,359,369,373,374,382,385,388,391,394,395,397,405,414,415,419,424,429,430,431,432,434,436,437,440,442,446,451,452,459,462,465,475,476,482,488,497,501,502,513,522,525,526,543,545,547,549,550,551,553,565,567,569,576,579,582,588,597,599,607,608,615,625,626,627,635,637,640,643,646,648,651,658,664,667,668,671,672,675,676,679,681,691,702,703,705,706,710,716,717,720,721,730,731,733,734,737,738,739,742,746,750,754,757,765,767,771,778,779,782,789,792,793,796,797,801,803,804,806,809,811,814,820,821,824,830,833,834,836,842,843,846,847,855,859,862,869,871,875,878,883,884,888,892,903,904,905,907,908,910,912,915,923,924,925,927,928,929,935,936,941,942,943,948,957,958,960,961,965,966,967,972,980,982,984,988,993,994,996,997,998], Y=[2,5,24], Z=[31,32,33], RowPattern=Constant, ColumnPattern=Constant, ContextPattern=Constant, %Missings=0, %Noise=0, %Errors=0 PlaidCoherency=None

Context: 31
X	y2	y5	y24
x0	0	0	0
x5	0	0	0
x8	0	0	0
x17	0	0	0
x18	0	0	0
x19	0	0	0
x30	0	0	0
x32	0	0	0
x33	0	0	0
x34	0	0	0
x35	0	0	0
x42	0	0	0
x43	0	0	0
x44	0	0	0
x45	0	0	0
x52	0	0	0
x53	0	0	0
x56	0	0	0
x58	0	0	0
x65	0	0	0
x67	0	0	0
x71	0	0	0
x77	0	0	0
x81	0	0	0
x83	0	0	0
x85	0	0	0
x87	0	0	0
x93	0	0	0
x97	0	0	0
x106	0	0	0
x108	0	0	0
x109	0	0	0
x110	0	0	0
x116	0	0	0
x124	0	0	0
x129	0	0	0
x130	0	0	0
x135	0	0	0
x146	0	0	0
x147	0	0	0
x149	0	0	0
x151	0	0	0
x158	0	0	0
x160	0	0	0
x166	0	0	0
x167	0	0	0
x175	0	0	0
x182	0	0	0
x183	0	0	0
x189	0	0	0
x194	0	0	0
x195	0	0	0
x198	0	0	0
x199	0	0	0
x200	0	0	0
x203	0	0	0
x204	0	0	0
x206	0	0	0
x212	0	0	0
x229	0	0	0
x230	0	0	0
x244	0	0	0
x246	0	0	0
x248	0	0	0
x249	0	0	0
x250	0	0	0
x251	0	0	0
x263	0	0	0
x264	0	0	0
x266	0	0	0
x267	0	0	0
x273	0	0	0
x277	0	0	0
x278	0	0	0
x279	0	0	0
x282	0	0	0
x283	0	0	0
x289	0	0	0
x293	0	0	0
x295	0	0	0
x299	0	0	0
x305	0	0	0
x315	0	0	0
x319	0	0	0
x320	0	0	0
x324	0	0	0
x329	0	0	0
x331	0	0	0
x337	0	0	0
x341	0	0	0
x345	0	0	0
x346	0	0	0
x352	0	0	0
x354	0	0	0
x355	0	0	0
x359	0	0	0
x369	0	0	0
x373	0	0	0
x374	0	0	0
x382	0	0	0
x385	0	0	0
x388	0	0	0
x391	0	0	0
x394	0	0	0
x395	0	0	0
x397	0	0	0
x405	0	0	0
x414	0	0	0
x415	0	0	0
x419	0	0	0
x424	0	0	0
x429	0	0	0
x430	0	0	0
x431	0	0	0
x432	0	0	0
x434	0	0	0
x436	0	0	0
x437	0	0	0
x440	0	0	0
x442	0	0	0
x446	0	0	0
x451	0	0	0
x452	0	0	0
x459	0	0	0
x462	0	0	0
x465	0	0	0
x475	0	0	0
x476	0	0	0
x482	0	0	0
x488	0	0	0
x497	0	0	0
x501	0	0	0
x502	0	0	0
x513	0	0	0
x522	0	0	0
x525	0	0	0
x526	0	0	0
x543	0	0	0
x545	0	0	0
x547	0	0	0
x549	0	0	0
x550	0	0	0
x551	0	0	0
x553	0	0	0
x565	0	0	0
x567	0	0	0
x569	0	0	0
x576	0	0	0
x579	0	0	0
x582	0	0	0
x588	0	0	0
x597	0	0	0
x599	0	0	0
x607	0	0	0
x608	0	0	0
x615	0	0	0
x625	0	0	0
x626	0	0	0
x627	0	0	0
x635	0	0	0
x637	0	0	0
x640	0	0	0
x643	0	0	0
x646	0	0	0
x648	0	0	0
x651	0	0	0
x658	0	0	0
x664	0	0	0
x667	0	0	0
x668	0	0	0
x671	0	0	0
x672	0	0	0
x675	0	0	0
x676	0	0	0
x679	0	0	0
x681	0	0	0
x691	0	0	0
x702	0	0	0
x703	0	0	0
x705	0	0	0
x706	0	0	0
x710	0	0	0
x716	0	0	0
x717	0	0	0
x720	0	0	0
x721	0	0	0
x730	0	0	0
x731	0	0	0
x733	0	0	0
x734	0	0	0
x737	0	0	0
x738	0	0	0
x739	0	0	0
x742	0	0	0
x746	0	0	0
x750	0	0	0
x754	0	0	0
x757	0	0	0
x765	0	0	0
x767	0	0	0
x771	0	0	0
x778	0	0	0
x779	0	0	0
x782	0	0	0
x789	0	0	0
x792	0	0	0
x793	0	0	0
x796	0	0	0
x797	0	0	0
x801	0	0	0
x803	0	0	0
x804	0	0	0
x806	0	0	0
x809	0	0	0
x811	0	0	0
x814	0	0	0
x820	0	0	0
x821	0	0	0
x824	0	0	0
x830	0	0	0
x833	0	0	0
x834	0	0	0
x836	0	0	0
x842	0	0	0
x843	0	0	0
x846	0	0	0
x847	0	0	0
x855	0	0	0
x859	0	0	0
x862	0	0	0
x869	0	0	0
x871	0	0	0
x875	0	0	0
x878	0	0	0
x883	0	0	0
x884	0	0	0
x888	0	0	0
x892	0	0	0
x903	0	0	0
x904	0	0	0
x905	0	0	0
x907	0	0	0
x908	0	0	0
x910	0	0	0
x912	0	0	0
x915	0	0	0
x923	0	0	0
x924	0	0	0
x925	0	0	0
x927	0	0	0
x928	0	0	0
x929	0	0	0
x935	0	0	0
x936	0	0	0
x941	0	0	0
x942	0	0	0
x943	0	0	0
x948	0	0	0
x957	0	0	0
x958	0	0	0
x960	0	0	0
x961	0	0	0
x965	0	0	0
x966	0	0	0
x967	0	0	0
x972	0	0	0
x980	0	0	0
x982	0	0	0
x984	0	0	0
x988	0	0	0
x993	0	0	0
x994	0	0	0
x996	0	0	0
x997	0	0	0
x998	0	0	0

Context: 32
X	y2	y5	y24
x0	0	0	0
x5	0	0	0
x8	0	0	0
x17	0	0	0
x18	0	0	0
x19	0	0	0
x30	0	0	0
x32	0	0	0
x33	0	0	0
x34	0	0	0
x35	0	0	0
x42	0	0	0
x43	0	0	0
x44	0	0	0
x45	0	0	0
x52	0	0	0
x53	0	0	0
x56	0	0	0
x58	0	0	0
x65	0	0	0
x67	0	0	0
x71	0	0	0
x77	0	0	0
x81	0	0	0
x83	0	0	0
x85	0	0	0
x87	0	0	0
x93	0	0	0
x97	0	0	0
x106	0	0	0
x108	0	0	0
x109	0	0	0
x110	0	0	0
x116	0	0	0
x124	0	0	0
x129	0	0	0
x130	0	0	0
x135	0	0	0
x146	0	0	0
x147	0	0	0
x149	0	0	0
x151	0	0	0
x158	0	0	0
x160	0	0	0
x166	0	0	0
x167	0	0	0
x175	0	0	0
x182	0	0	0
x183	0	0	0
x189	0	0	0
x194	0	0	0
x195	0	0	0
x198	0	0	0
x199	0	0	0
x200	0	0	0
x203	0	0	0
x204	0	0	0
x206	0	0	0
x212	0	0	0
x229	0	0	0
x230	0	0	0
x244	0	0	0
x246	0	0	0
x248	0	0	0
x249	0	0	0
x250	0	0	0
x251	0	0	0
x263	0	0	0
x264	0	0	0
x266	0	0	0
x267	0	0	0
x273	0	0	0
x277	0	0	0
x278	0	0	0
x279	0	0	0
x282	0	0	0
x283	0	0	0
x289	0	0	0
x293	0	0	0
x295	0	0	0
x299	0	0	0
x305	0	0	0
x315	0	0	0
x319	0	0	0
x320	0	0	0
x324	0	0	0
x329	0	0	0
x331	0	0	0
x337	0	0	0
x341	0	0	0
x345	0	0	0
x346	0	0	0
x352	0	0	0
x354	0	0	0
x355	0	0	0
x359	0	0	0
x369	0	0	0
x373	0	0	0
x374	0	0	0
x382	0	0	0
x385	0	0	0
x388	0	0	0
x391	0	0	0
x394	0	0	0
x395	0	0	0
x397	0	0	0
x405	0	0	0
x414	0	0	0
x415	0	0	0
x419	0	0	0
x424	0	0	0
x429	0	0	0
x430	0	0	0
x431	0	0	0
x432	0	0	0
x434	0	0	0
x436	0	0	0
x437	0	0	0
x440	0	0	0
x442	0	0	0
x446	0	0	0
x451	0	0	0
x452	0	0	0
x459	0	0	0
x462	0	0	0
x465	0	0	0
x475	0	0	0
x476	0	0	0
x482	0	0	0
x488	0	0	0
x497	0	0	0
x501	0	0	0
x502	0	0	0
x513	0	0	0
x522	0	0	0
x525	0	0	0
x526	0	0	0
x543	0	0	0
x545	0	0	0
x547	0	0	0
x549	0	0	0
x550	0	0	0
x551	0	0	0
x553	0	0	0
x565	0	0	0
x567	0	0	0
x569	0	0	0
x576	0	0	0
x579	0	0	0
x582	0	0	0
x588	0	0	0
x597	0	0	0
x599	0	0	0
x607	0	0	0
x608	0	0	0
x615	0	0	0
x625	0	0	0
x626	0	0	0
x627	0	0	0
x635	0	0	0
x637	0	0	0
x640	0	0	0
x643	0	0	0
x646	0	0	0
x648	0	0	0
x651	0	0	0
x658	0	0	0
x664	0	0	0
x667	0	0	0
x668	0	0	0
x671	0	0	0
x672	0	0	0
x675	0	0	0
x676	0	0	0
x679	0	0	0
x681	0	0	0
x691	0	0	0
x702	0	0	0
x703	0	0	0
x705	0	0	0
x706	0	0	0
x710	0	0	0
x716	0	0	0
x717	0	0	0
x720	0	0	0
x721	0	0	0
x730	0	0	0
x731	0	0	0
x733	0	0	0
x734	0	0	0
x737	0	0	0
x738	0	0	0
x739	0	0	0
x742	0	0	0
x746	0	0	0
x750	0	0	0
x754	0	0	0
x757	0	0	0
x765	0	0	0
x767	0	0	0
x771	0	0	0
x778	0	0	0
x779	0	0	0
x782	0	0	0
x789	0	0	0
x792	0	0	0
x793	0	0	0
x796	0	0	0
x797	0	0	0
x801	0	0	0
x803	0	0	0
x804	0	0	0
x806	0	0	0
x809	0	0	0
x811	0	0	0
x814	0	0	0
x820	0	0	0
x821	0	0	0
x824	0	0	0
x830	0	0	0
x833	0	0	0
x834	0	0	0
x836	0	0	0
x842	0	0	0
x843	0	0	0
x846	0	0	0
x847	0	0	0
x855	0	0	0
x859	0	0	0
x862	0	0	0
x869	0	0	0
x871	0	0	0
x875	0	0	0
x878	0	0	0
x883	0	0	0
x884	0	0	0
x888	0	0	0
x892	0	0	0
x903	0	0	0
x904	0	0	0
x905	0	0	0
x907	0	0	0
x908	0	0	0
x910	0	0	0
x912	0	0	0
x915	0	0	0
x923	0	0	0
x924	0	0	0
x925	0	0	0
x927	0	0	0
x928	0	0	0
x929	0	0	0
x935	0	0	0
x936	0	0	0
x941	0	0	0
x942	0	0	0
x943	0	0	0
x948	0	0	0
x957	0	0	0
x958	0	0	0
x960	0	0	0
x961	0	0	0
x965	0	0	0
x966	0	0	0
x967	0	0	0
x972	0	0	0
x980	0	0	0
x982	0	0	0
x984	0	0	0
x988	0	0	0
x993	0	0	0
x994	0	0	0
x996	0	0	0
x997	0	0	0
x998	0	0	0

Context: 33
X	y2	y5	y24
x0	0	0	0
x5	0	0	0
x8	0	0	0
x17	0	0	0
x18	0	0	0
x19	0	0	0
x30	0	0	0
x32	0	0	0
x33	0	0	0
x34	0	0	0
x35	0	0	0
x42	0	0	0
x43	0	0	0
x44	0	0	0
x45	0	0	0
x52	0	0	0
x53	0	0	0
x56	0	0	0
x58	0	0	0
x65	0	0	0
x67	0	0	0
x71	0	0	0
x77	0	0	0
x81	0	0	0
x83	0	0	0
x85	0	0	0
x87	0	0	0
x93	0	0	0
x97	0	0	0
x106	0	0	0
x108	0	0	0
x109	0	0	0
x110	0	0	0
x116	0	0	0
x124	0	0	0
x129	0	0	0
x130	0	0	0
x135	0	0	0
x146	0	0	0
x147	0	0	0
x149	0	0	0
x151	0	0	0
x158	0	0	0
x160	0	0	0
x166	0	0	0
x167	0	0	0
x175	0	0	0
x182	0	0	0
x183	0	0	0
x189	0	0	0
x194	0	0	0
x195	0	0	0
x198	0	0	0
x199	0	0	0
x200	0	0	0
x203	0	0	0
x204	0	0	0
x206	0	0	0
x212	0	0	0
x229	0	0	0
x230	0	0	0
x244	0	0	0
x246	0	0	0
x248	0	0	0
x249	0	0	0
x250	0	0	0
x251	0	0	0
x263	0	0	0
x264	0	0	0
x266	0	0	0
x267	0	0	0
x273	0	0	0
x277	0	0	0
x278	0	0	0
x279	0	0	0
x282	0	0	0
x283	0	0	0
x289	0	0	0
x293	0	0	0
x295	0	0	0
x299	0	0	0
x305	0	0	0
x315	0	0	0
x319	0	0	0
x320	0	0	0
x324	0	0	0
x329	0	0	0
x331	0	0	0
x337	0	0	0
x341	0	0	0
x345	0	0	0
x346	0	0	0
x352	0	0	0
x354	0	0	0
x355	0	0	0
x359	0	0	0
x369	0	0	0
x373	0	0	0
x374	0	0	0
x382	0	0	0
x385	0	0	0
x388	0	0	0
x391	0	0	0
x394	0	0	0
x395	0	0	0
x397	0	0	0
x405	0	0	0
x414	0	0	0
x415	0	0	0
x419	0	0	0
x424	0	0	0
x429	0	0	0
x430	0	0	0
x431	0	0	0
x432	0	0	0
x434	0	0	0
x436	0	0	0
x437	0	0	0
x440	0	0	0
x442	0	0	0
x446	0	0	0
x451	0	0	0
x452	0	0	0
x459	0	0	0
x462	0	0	0
x465	0	0	0
x475	0	0	0
x476	0	0	0
x482	0	0	0
x488	0	0	0
x497	0	0	0
x501	0	0	0
x502	0	0	0
x513	0	0	0
x522	0	0	0
x525	0	0	0
x526	0	0	0
x543	0	0	0
x545	0	0	0
x547	0	0	0
x549	0	0	0
x550	0	0	0
x551	0	0	0
x553	0	0	0
x565	0	0	0
x567	0	0	0
x569	0	0	0
x576	0	0	0
x579	0	0	0
x582	0	0	0
x588	0	0	0
x597	0	0	0
x599	0	0	0
x607	0	0	0
x608	0	0	0
x615	0	0	0
x625	0	0	0
x626	0	0	0
x627	0	0	0
x635	0	0	0
x637	0	0	0
x640	0	0	0
x643	0	0	0
x646	0	0	0
x648	0	0	0
x651	0	0	0
x658	0	0	0
x664	0	0	0
x667	0	0	0
x668	0	0	0
x671	0	0	0
x672	0	0	0
x675	0	0	0
x676	0	0	0
x679	0	0	0
x681	0	0	0
x691	0	0	0
x702	0	0	0
x703	0	0	0
x705	0	0	0
x706	0	0	0
x710	0	0	0
x716	0	0	0
x717	0	0	0
x720	0	0	0
x721	0	0	0
x730	0	0	0
x731	0	0	0
x733	0	0	0
x734	0	0	0
x737	0	0	0
x738	0	0	0
x739	0	0	0
x742	0	0	0
x746	0	0	0
x750	0	0	0
x754	0	0	0
x757	0	0	0
x765	0	0	0
x767	0	0	0
x771	0	0	0
x778	0	0	0
x779	0	0	0
x782	0	0	0
x789	0	0	0
x792	0	0	0
x793	0	0	0
x796	0	0	0
x797	0	0	0
x801	0	0	0
x803	0	0	0
x804	0	0	0
x806	0	0	0
x809	0	0	0
x811	0	0	0
x814	0	0	0
x820	0	0	0
x821	0	0	0
x824	0	0	0
x830	0	0	0
x833	0	0	0
x834	0	0	0
x836	0	0	0
x842	0	0	0
x843	0	0	0
x846	0	0	0
x847	0	0	0
x855	0	0	0
x859	0	0	0
x862	0	0	0
x869	0	0	0
x871	0	0	0
x875	0	0	0
x878	0	0	0
x883	0	0	0
x884	0	0	0
x888	0	0	0
x892	0	0	0
x903	0	0	0
x904	0	0	0
x905	0	0	0
x907	0	0	0
x908	0	0	0
x910	0	0	0
x912	0	0	0
x915	0	0	0
x923	0	0	0
x924	0	0	0
x925	0	0	0
x927	0	0	0
x928	0	0	0
x929	0	0	0
x935	0	0	0
x936	0	0	0
x941	0	0	0
x942	0	0	0
x943	0	0	0
x948	0	0	0
x957	0	0	0
x958	0	0	0
x960	0	0	0
x961	0	0	0
x965	0	0	0
x966	0	0	0
x967	0	0	0
x972	0	0	0
x980	0	0	0
x982	0	0	0
x984	0	0	0
x988	0	0	0
x993	0	0	0
x994	0	0	0
x996	0	0	0
x997	0	0	0
x998	0	0	0

(229, 3, 2), X=[1,7,9,13,19,22,28,30,39,40,41,44,51,53,58,63,64,65,67,73,74,85,86,87,92,100,103,107,109,112,117,122,123,125,127,128,131,137,138,150,152,153,155,157,162,163,165,167,168,182,184,191,201,209,219,221,222,227,232,239,242,244,247,250,251,256,258,265,269,272,273,275,276,282,290,292,294,310,311,312,315,326,327,332,334,342,343,347,353,356,357,362,365,375,380,388,389,391,392,407,409,418,420,423,428,430,433,434,452,460,463,465,479,485,486,488,489,491,493,496,498,510,512,517,521,526,527,538,541,548,549,552,553,559,565,570,572,575,577,578,591,596,604,613,615,620,623,628,637,640,643,649,651,653,656,659,660,671,675,689,690,692,701,706,710,717,723,733,735,740,746,757,762,763,767,775,780,781,786,793,795,800,804,805,808,811,812,818,820,821,823,824,825,827,828,838,842,845,846,849,850,851,853,856,860,880,881,883,887,896,898,899,907,908,916,923,924,925,926,937,945,954,957,960,962,973,975,989,990], Y=[29,33,35], Z=[29,30], RowPattern=Constant, ColumnPattern=Constant, ContextPattern=Constant, %Missings=0, %Noise=0, %Errors=0 PlaidCoherency=None

Context: 29
X	y29	y33	y35
x1	0	0	0
x7	0	0	0
x9	0	0	0
x13	0	0	0
x19	0	0	0
x22	0	0	0
x28	0	0	0
x30	0	0	0
x39	0	0	0
x40	0	0	0
x41	0	0	0
x44	0	0	0
x51	0	0	0
x53	0	0	0
x58	0	0	0
x63	0	0	0
x64	0	0	0
x65	0	0	0
x67	0	0	0
x73	0	0	0
x74	0	0	0
x85	0	0	0
x86	0	0	0
x87	0	0	0
x92	0	0	0
x100	0	0	0
x103	0	0	0
x107	0	0	0
x109	0	0	0
x112	0	0	0
x117	0	0	0
x122	0	0	0
x123	0	0	0
x125	0	0	0
x127	0	0	0
x128	0	0	0
x131	0	0	0
x137	0	0	0
x138	0	0	0
x150	0	0	0
x152	0	0	0
x153	0	0	0
x155	0	0	0
x157	0	0	0
x162	0	0	0
x163	0	0	0
x165	0	0	0
x167	0	0	0
x168	0	0	0
x182	0	0	0
x184	0	0	0
x191	0	0	0
x201	0	0	0
x209	0	0	0
x219	0	0	0
x221	0	0	0
x222	0	0	0
x227	0	0	0
x232	0	0	0
x239	0	0	0
x242	0	0	0
x244	0	0	0
x247	0	0	0
x250	0	0	0
x251	0	0	0
x256	0	0	0
x258	0	0	0
x265	0	0	0
x269	0	0	0
x272	0	0	0
x273	0	0	0
x275	0	0	0
x276	0	0	0
x282	0	0	0
x290	0	0	0
x292	0	0	0
x294	0	0	0
x310	0	0	0
x311	0	0	0
x312	0	0	0
x315	0	0	0
x326	0	0	0
x327	0	0	0
x332	0	0	0
x334	0	0	0
x342	0	0	0
x343	0	0	0
x347	0	0	0
x353	0	0	0
x356	0	0	0
x357	0	0	0
x362	0	0	0
x365	0	0	0
x375	0	0	0
x380	0	0	0
x388	0	0	0
x389	0	0	0
x391	0	0	0
x392	0	0	0
x407	0	0	0
x409	0	0	0
x418	0	0	0
x420	0	0	0
x423	0	0	0
x428	0	0	0
x430	0	0	0
x433	0	0	0
x434	0	0	0
x452	0	0	0
x460	0	0	0
x463	0	0	0
x465	0	0	0
x479	0	0	0
x485	0	0	0
x486	0	0	0
x488	0	0	0
x489	0	0	0
x491	0	0	0
x493	0	0	0
x496	0	0	0
x498	0	0	0
x510	0	0	0
x512	0	0	0
x517	0	0	0
x521	0	0	0
x526	0	0	0
x527	0	0	0
x538	0	0	0
x541	0	0	0
x548	0	0	0
x549	0	0	0
x552	0	0	0
x553	0	0	0
x559	0	0	0
x565	0	0	0
x570	0	0	0
x572	0	0	0
x575	0	0	0
x577	0	0	0
x578	0	0	0
x591	0	0	0
x596	0	0	0
x604	0	0	0
x613	0	0	0
x615	0	0	0
x620	0	0	0
x623	0	0	0
x628	0	0	0
x637	0	0	0
x640	0	0	0
x643	0	0	0
x649	0	0	0
x651	0	0	0
x653	0	0	0
x656	0	0	0
x659	0	0	0
x660	0	0	0
x671	0	0	0
x675	0	0	0
x689	0	0	0
x690	0	0	0
x692	0	0	0
x701	0	0	0
x706	0	0	0
x710	0	0	0
x717	0	0	0
x723	0	0	0
x733	0	0	0
x735	0	0	0
x740	0	0	0
x746	0	0	0
x757	0	0	0
x762	0	0	0
x763	0	0	0
x767	0	0	0
x775	0	0	0
x780	0	0	0
x781	0	0	0
x786	0	0	0
x793	0	0	0
x795	0	0	0
x800	0	0	0
x804	0	0	0
x805	0	0	0
x808	0	0	0
x811	0	0	0
x812	0	0	0
x818	0	0	0
x820	0	0	0
x821	0	0	0
x823	0	0	0
x824	0	0	0
x825	0	0	0
x827	0	0	0
x828	0	0	0
x838	0	0	0
x842	0	0	0
x845	0	0	0
x846	0	0	0
x849	0	0	0
x850	0	0	0
x851	0	0	0
x853	0	0	0
x856	0	0	0
x860	0	0	0
x880	0	0	0
x881	0	0	0
x883	0	0	0
x887	0	0	0
x896	0	0	0
x898	0	0	0
x899	0	0	0
x907	0	0	0
x908	0	0	0
x916	0	0	0
x923	0	0	0
x924	0	0	0
x925	0	0	0
x926	0	0	0
x937	0	0	0
x945	0	0	0
x954	0	0	0
x957	0	0	0
x960	0	0	0
x962	0	0	0
x973	0	0	0
x975	0	0	0
x989	0	0	0
x990	0	0	0

Context: 30
X	y29	y33	y35
x1	0	0	0
x7	0	0	0
x9	0	0	0
x13	0	0	0
x19	0	0	0
x22	0	0	0
x28	0	0	0
x30	0	0	0
x39	0	0	0
x40	0	0	0
x41	0	0	0
x44	0	0	0
x51	0	0	0
x53	0	0	0
x58	0	0	0
x63	0	0	0
x64	0	0	0
x65	0	0	0
x67	0	0	0
x73	0	0	0
x74	0	0	0
x85	0	0	0
x86	0	0	0
x87	0	0	0
x92	0	0	0
x100	0	0	0
x103	0	0	0
x107	0	0	0
x109	0	0	0
x112	0	0	0
x117	0	0	0
x122	0	0	0
x123	0	0	0
x125	0	0	0
x127	0	0	0
x128	0	0	0
x131	0	0	0
x137	0	0	0
x138	0	0	0
x150	0	0	0
x152	0	0	0
x153	0	0	0
x155	0	0	0
x157	0	0	0
x162	0	0	0
x163	0	0	0
x165	0	0	0
x167	0	0	0
x168	0	0	0
x182	0	0	0
x184	0	0	0
x191	0	0	0
x201	0	0	0
x209	0	0	0
x219	0	0	0
x221	0	0	0
x222	0	0	0
x227	0	0	0
x232	0	0	0
x239	0	0	0
x242	0	0	0
x244	0	0	0
x247	0	0	0
x250	0	0	0
x251	0	0	0
x256	0	0	0
x258	0	0	0
x265	0	0	0
x269	0	0	0
x272	0	0	0
x273	0	0	0
x275	0	0	0
x276	0	0	0
x282	0	0	0
x290	0	0	0
x292	0	0	0
x294	0	0	0
x310	0	0	0
x311	0	0	0
x312	0	0	0
x315	0	0	0
x326	0	0	0
x327	0	0	0
x332	0	0	0
x334	0	0	0
x342	0	0	0
x343	0	0	0
x347	0	0	0
x353	0	0	0
x356	0	0	0
x357	0	0	0
x362	0	0	0
x365	0	0	0
x375	0	0	0
x380	0	0	0
x388	0	0	0
x389	0	0	0
x391	0	0	0
x392	0	0	0
x407	0	0	0
x409	0	0	0
x418	0	0	0
x420	0	0	0
x423	0	0	0
x428	0	0	0
x430	0	0	0
x433	0	0	0
x434	0	0	0
x452	0	0	0
x460	0	0	0
x463	0	0	0
x465	0	0	0
x479	0	0	0
x485	0	0	0
x486	0	0	0
x488	0	0	0
x489	0	0	0
x491	0	0	0
x493	0	0	0
x496	0	0	0
x498	0	0	0
x510	0	0	0
x512	0	0	0
x517	0	0	0
x521	0	0	0
x526	0	0	0
x527	0	0	0
x538	0	0	0
x541	0	0	0
x548	0	0	0
x549	0	0	0
x552	0	0	0
x553	0	0	0
x559	0	0	0
x565	0	0	0
x570	0	0	0
x572	0	0	0
x575	0	0	0
x577	0	0	0
x578	0	0	0
x591	0	0	0
x596	0	0	0
x604	0	0	0
x613	0	0	0
x615	0	0	0
x620	0	0	0
x623	0	0	0
x628	0	0	0
x637	0	0	0
x640	0	0	0
x643	0	0	0
x649	0	0	0
x651	0	0	0
x653	0	0	0
x656	0	0	0
x659	0	0	0
x660	0	0	0
x671	0	0	0
x675	0	0	0
x689	0	0	0
x690	0	0	0
x692	0	0	0
x701	0	0	0
x706	0	0	0
x710	0	0	0
x717	0	0	0
x723	0	0	0
x733	0	0	0
x735	0	0	0
x740	0	0	0
x746	0	0	0
x757	0	0	0
x762	0	0	0
x763	0	0	0
x767	0	0	0
x775	0	0	0
x780	0	0	0
x781	0	0	0
x786	0	0	0
x793	0	0	0
x795	0	0	0
x800	0	0	0
x804	0	0	0
x805	0	0	0
x808	0	0	0
x811	0	0	0
x812	0	0	0
x818	0	0	0
x820	0	0	0
x821	0	0	0
x823	0	0	0
x824	0	0	0
x825	0	0	0
x827	0	0	0
x828	0	0	0
x838	0	0	0
x842	0	0	0
x845	0	0	0
x846	0	0	0
x849	0	0	0
x850	0	0	0
x851	0	0	0
x853	0	0	0
x856	0	0	0
x860	0	0	0
x880	0	0	0
x881	0	0	0
x883	0	0	0
x887	0	0	0
x896	0	0	0
x898	0	0	0
x899	0	0	0
x907	0	0	0
x908	0	0	0
x916	0	0	0
x923	0	0	0
x924	0	0	0
x925	0	0	0
x926	0	0	0
x937	0	0	0
x945	0	0	0
x954	0	0	0
x957	0	0	0
x960	0	0	0
x962	0	0	0
x973	0	0	0
x975	0	0	0
x989	0	0	0
x990	0	0	0

