Number of planted triclusters: 5
Tricluster coverage: 0.47352%
Missing values on dataset: 0.0%
Noise values on dataset: 0.0%
Errors on dataset: 0.0%


(107, 3, 3), X=[10,22,26,40,54,57,61,63,66,69,78,83,89,94,110,113,114,118,119,124,135,156,162,164,165,166,173,186,204,216,238,240,246,253,265,267,268,271,291,315,322,329,334,338,340,342,351,354,379,390,396,398,405,429,441,482,497,504,514,537,539,545,548,551,555,566,580,600,629,643,645,646,650,656,660,662,675,685,695,706,711,720,724,731,791,802,809,814,828,849,859,879,885,903,922,923,924,929,945,957,964,976,981,985,989,996,998], Y=[29,39,46], Z=[11,15,32], RowPattern=Constant, ColumnPattern=Constant, ContextPattern=Constant, %Missings=0, %Noise=0, %Errors=0 PlaidCoherency=None

Context: 11
X	y29	y39	y46
x10	0	0	0
x22	0	0	0
x26	0	0	0
x40	0	0	0
x54	0	0	0
x57	0	0	0
x61	0	0	0
x63	0	0	0
x66	0	0	0
x69	0	0	0
x78	0	0	0
x83	0	0	0
x89	0	0	0
x94	0	0	0
x110	0	0	0
x113	0	0	0
x114	0	0	0
x118	0	0	0
x119	0	0	0
x124	0	0	0
x135	0	0	0
x156	0	0	0
x162	0	0	0
x164	0	0	0
x165	0	0	0
x166	0	0	0
x173	0	0	0
x186	0	0	0
x204	0	0	0
x216	0	0	0
x238	0	0	0
x240	0	0	0
x246	0	0	0
x253	0	0	0
x265	0	0	0
x267	0	0	0
x268	0	0	0
x271	0	0	0
x291	0	0	0
x315	0	0	0
x322	0	0	0
x329	0	0	0
x334	0	0	0
x338	0	0	0
x340	0	0	0
x342	0	0	0
x351	0	0	0
x354	0	0	0
x379	0	0	0
x390	0	0	0
x396	0	0	0
x398	0	0	0
x405	0	0	0
x429	0	0	0
x441	0	0	0
x482	0	0	0
x497	0	0	0
x504	0	0	0
x514	0	0	0
x537	0	0	0
x539	0	0	0
x545	0	0	0
x548	0	0	0
x551	0	0	0
x555	0	0	0
x566	0	0	0
x580	0	0	0
x600	0	0	0
x629	0	0	0
x643	0	0	0
x645	0	0	0
x646	0	0	0
x650	0	0	0
x656	0	0	0
x660	0	0	0
x662	0	0	0
x675	0	0	0
x685	0	0	0
x695	0	0	0
x706	0	0	0
x711	0	0	0
x720	0	0	0
x724	0	0	0
x731	0	0	0
x791	0	0	0
x802	0	0	0
x809	0	0	0
x814	0	0	0
x828	0	0	0
x849	0	0	0
x859	0	0	0
x879	0	0	0
x885	0	0	0
x903	0	0	0
x922	0	0	0
x923	0	0	0
x924	0	0	0
x929	0	0	0
x945	0	0	0
x957	0	0	0
x964	0	0	0
x976	0	0	0
x981	0	0	0
x985	0	0	0
x989	0	0	0
x996	0	0	0
x998	0	0	0

Context: 15
X	y29	y39	y46
x10	0	0	0
x22	0	0	0
x26	0	0	0
x40	0	0	0
x54	0	0	0
x57	0	0	0
x61	0	0	0
x63	0	0	0
x66	0	0	0
x69	0	0	0
x78	0	0	0
x83	0	0	0
x89	0	0	0
x94	0	0	0
x110	0	0	0
x113	0	0	0
x114	0	0	0
x118	0	0	0
x119	0	0	0
x124	0	0	0
x135	0	0	0
x156	0	0	0
x162	0	0	0
x164	0	0	0
x165	0	0	0
x166	0	0	0
x173	0	0	0
x186	0	0	0
x204	0	0	0
x216	0	0	0
x238	0	0	0
x240	0	0	0
x246	0	0	0
x253	0	0	0
x265	0	0	0
x267	0	0	0
x268	0	0	0
x271	0	0	0
x291	0	0	0
x315	0	0	0
x322	0	0	0
x329	0	0	0
x334	0	0	0
x338	0	0	0
x340	0	0	0
x342	0	0	0
x351	0	0	0
x354	0	0	0
x379	0	0	0
x390	0	0	0
x396	0	0	0
x398	0	0	0
x405	0	0	0
x429	0	0	0
x441	0	0	0
x482	0	0	0
x497	0	0	0
x504	0	0	0
x514	0	0	0
x537	0	0	0
x539	0	0	0
x545	0	0	0
x548	0	0	0
x551	0	0	0
x555	0	0	0
x566	0	0	0
x580	0	0	0
x600	0	0	0
x629	0	0	0
x643	0	0	0
x645	0	0	0
x646	0	0	0
x650	0	0	0
x656	0	0	0
x660	0	0	0
x662	0	0	0
x675	0	0	0
x685	0	0	0
x695	0	0	0
x706	0	0	0
x711	0	0	0
x720	0	0	0
x724	0	0	0
x731	0	0	0
x791	0	0	0
x802	0	0	0
x809	0	0	0
x814	0	0	0
x828	0	0	0
x849	0	0	0
x859	0	0	0
x879	0	0	0
x885	0	0	0
x903	0	0	0
x922	0	0	0
x923	0	0	0
x924	0	0	0
x929	0	0	0
x945	0	0	0
x957	0	0	0
x964	0	0	0
x976	0	0	0
x981	0	0	0
x985	0	0	0
x989	0	0	0
x996	0	0	0
x998	0	0	0

Context: 32
X	y29	y39	y46
x10	0	0	0
x22	0	0	0
x26	0	0	0
x40	0	0	0
x54	0	0	0
x57	0	0	0
x61	0	0	0
x63	0	0	0
x66	0	0	0
x69	0	0	0
x78	0	0	0
x83	0	0	0
x89	0	0	0
x94	0	0	0
x110	0	0	0
x113	0	0	0
x114	0	0	0
x118	0	0	0
x119	0	0	0
x124	0	0	0
x135	0	0	0
x156	0	0	0
x162	0	0	0
x164	0	0	0
x165	0	0	0
x166	0	0	0
x173	0	0	0
x186	0	0	0
x204	0	0	0
x216	0	0	0
x238	0	0	0
x240	0	0	0
x246	0	0	0
x253	0	0	0
x265	0	0	0
x267	0	0	0
x268	0	0	0
x271	0	0	0
x291	0	0	0
x315	0	0	0
x322	0	0	0
x329	0	0	0
x334	0	0	0
x338	0	0	0
x340	0	0	0
x342	0	0	0
x351	0	0	0
x354	0	0	0
x379	0	0	0
x390	0	0	0
x396	0	0	0
x398	0	0	0
x405	0	0	0
x429	0	0	0
x441	0	0	0
x482	0	0	0
x497	0	0	0
x504	0	0	0
x514	0	0	0
x537	0	0	0
x539	0	0	0
x545	0	0	0
x548	0	0	0
x551	0	0	0
x555	0	0	0
x566	0	0	0
x580	0	0	0
x600	0	0	0
x629	0	0	0
x643	0	0	0
x645	0	0	0
x646	0	0	0
x650	0	0	0
x656	0	0	0
x660	0	0	0
x662	0	0	0
x675	0	0	0
x685	0	0	0
x695	0	0	0
x706	0	0	0
x711	0	0	0
x720	0	0	0
x724	0	0	0
x731	0	0	0
x791	0	0	0
x802	0	0	0
x809	0	0	0
x814	0	0	0
x828	0	0	0
x849	0	0	0
x859	0	0	0
x879	0	0	0
x885	0	0	0
x903	0	0	0
x922	0	0	0
x923	0	0	0
x924	0	0	0
x929	0	0	0
x945	0	0	0
x957	0	0	0
x964	0	0	0
x976	0	0	0
x981	0	0	0
x985	0	0	0
x989	0	0	0
x996	0	0	0
x998	0	0	0

(426, 2, 2), X=[0,2,4,7,8,9,11,13,14,20,24,25,29,30,31,32,35,44,45,49,50,51,54,56,60,63,64,68,71,77,78,84,85,86,87,88,89,90,91,92,93,94,96,99,102,103,105,111,113,116,118,120,121,122,123,124,126,127,130,132,133,135,136,138,139,140,144,145,146,148,150,151,152,153,157,160,162,165,166,176,177,178,181,186,189,190,191,193,194,200,201,208,211,212,218,221,224,226,227,228,231,233,234,238,239,241,242,248,251,252,253,255,256,258,261,265,266,271,272,273,276,279,286,288,289,290,291,292,296,297,298,308,309,310,315,320,325,326,328,329,330,332,335,338,339,340,342,344,346,347,350,351,353,360,362,363,364,365,371,375,377,379,382,385,386,387,395,396,401,405,406,407,411,412,413,414,419,420,421,422,423,428,429,432,439,441,453,456,459,460,464,465,469,470,476,479,480,482,484,485,486,488,490,491,494,496,498,499,503,505,506,507,508,510,511,512,514,516,518,519,524,526,528,529,531,532,535,537,538,542,543,549,550,551,552,554,557,565,570,571,575,578,580,585,586,588,589,590,592,597,600,603,604,605,607,608,609,611,612,616,619,620,630,631,634,635,636,637,638,639,640,641,642,645,646,648,650,652,655,657,660,664,665,667,669,673,677,679,680,686,690,694,695,697,699,703,704,707,708,709,711,713,715,724,725,726,727,728,730,734,735,738,739,740,742,743,747,749,751,752,757,758,763,765,767,769,772,774,779,782,785,786,788,791,792,793,794,795,797,798,802,803,804,808,809,810,812,814,816,817,818,825,826,829,830,833,834,838,841,846,851,853,855,857,858,859,864,867,869,873,874,876,877,878,879,880,881,883,884,885,886,888,890,891,892,894,897,898,899,900,902,911,913,915,917,922,923,924,928,936,941,947,948,950,951,953,958,961,962,965,968,971,973,977,979,980,982,984,985,986,987,989,993,996,997,998], Y=[20,45], Z=[28,45], RowPattern=Constant, ColumnPattern=Constant, ContextPattern=Constant, %Missings=0, %Noise=0, %Errors=0 PlaidCoherency=None

Context: 28
X	y20	y45
x0	2	2
x2	2	2
x4	2	2
x7	2	2
x8	2	2
x9	2	2
x11	2	2
x13	2	2
x14	2	2
x20	2	2
x24	2	2
x25	2	2
x29	2	2
x30	2	2
x31	2	2
x32	2	2
x35	2	2
x44	2	2
x45	2	2
x49	2	2
x50	2	2
x51	2	2
x54	2	2
x56	2	2
x60	2	2
x63	2	2
x64	2	2
x68	2	2
x71	2	2
x77	2	2
x78	2	2
x84	2	2
x85	2	2
x86	2	2
x87	2	2
x88	2	2
x89	2	2
x90	2	2
x91	2	2
x92	2	2
x93	2	2
x94	2	2
x96	2	2
x99	2	2
x102	2	2
x103	2	2
x105	2	2
x111	2	2
x113	2	2
x116	2	2
x118	2	2
x120	2	2
x121	2	2
x122	2	2
x123	2	2
x124	2	2
x126	2	2
x127	2	2
x130	2	2
x132	2	2
x133	2	2
x135	2	2
x136	2	2
x138	2	2
x139	2	2
x140	2	2
x144	2	2
x145	2	2
x146	2	2
x148	2	2
x150	2	2
x151	2	2
x152	2	2
x153	2	2
x157	2	2
x160	2	2
x162	2	2
x165	2	2
x166	2	2
x176	2	2
x177	2	2
x178	2	2
x181	2	2
x186	2	2
x189	2	2
x190	2	2
x191	2	2
x193	2	2
x194	2	2
x200	2	2
x201	2	2
x208	2	2
x211	2	2
x212	2	2
x218	2	2
x221	2	2
x224	2	2
x226	2	2
x227	2	2
x228	2	2
x231	2	2
x233	2	2
x234	2	2
x238	2	2
x239	2	2
x241	2	2
x242	2	2
x248	2	2
x251	2	2
x252	2	2
x253	2	2
x255	2	2
x256	2	2
x258	2	2
x261	2	2
x265	2	2
x266	2	2
x271	2	2
x272	2	2
x273	2	2
x276	2	2
x279	2	2
x286	2	2
x288	2	2
x289	2	2
x290	2	2
x291	2	2
x292	2	2
x296	2	2
x297	2	2
x298	2	2
x308	2	2
x309	2	2
x310	2	2
x315	2	2
x320	2	2
x325	2	2
x326	2	2
x328	2	2
x329	2	2
x330	2	2
x332	2	2
x335	2	2
x338	2	2
x339	2	2
x340	2	2
x342	2	2
x344	2	2
x346	2	2
x347	2	2
x350	2	2
x351	2	2
x353	2	2
x360	2	2
x362	2	2
x363	2	2
x364	2	2
x365	2	2
x371	2	2
x375	2	2
x377	2	2
x379	2	2
x382	2	2
x385	2	2
x386	2	2
x387	2	2
x395	2	2
x396	2	2
x401	2	2
x405	2	2
x406	2	2
x407	2	2
x411	2	2
x412	2	2
x413	2	2
x414	2	2
x419	2	2
x420	2	2
x421	2	2
x422	2	2
x423	2	2
x428	2	2
x429	2	2
x432	2	2
x439	2	2
x441	2	2
x453	2	2
x456	2	2
x459	2	2
x460	2	2
x464	2	2
x465	2	2
x469	2	2
x470	2	2
x476	2	2
x479	2	2
x480	2	2
x482	2	2
x484	2	2
x485	2	2
x486	2	2
x488	2	2
x490	2	2
x491	2	2
x494	2	2
x496	2	2
x498	2	2
x499	2	2
x503	2	2
x505	2	2
x506	2	2
x507	2	2
x508	2	2
x510	2	2
x511	2	2
x512	2	2
x514	2	2
x516	2	2
x518	2	2
x519	2	2
x524	2	2
x526	2	2
x528	2	2
x529	2	2
x531	2	2
x532	2	2
x535	2	2
x537	2	2
x538	2	2
x542	2	2
x543	2	2
x549	2	2
x550	2	2
x551	2	2
x552	2	2
x554	2	2
x557	2	2
x565	2	2
x570	2	2
x571	2	2
x575	2	2
x578	2	2
x580	2	2
x585	2	2
x586	2	2
x588	2	2
x589	2	2
x590	2	2
x592	2	2
x597	2	2
x600	2	2
x603	2	2
x604	2	2
x605	2	2
x607	2	2
x608	2	2
x609	2	2
x611	2	2
x612	2	2
x616	2	2
x619	2	2
x620	2	2
x630	2	2
x631	2	2
x634	2	2
x635	2	2
x636	2	2
x637	2	2
x638	2	2
x639	2	2
x640	2	2
x641	2	2
x642	2	2
x645	2	2
x646	2	2
x648	2	2
x650	2	2
x652	2	2
x655	2	2
x657	2	2
x660	2	2
x664	2	2
x665	2	2
x667	2	2
x669	2	2
x673	2	2
x677	2	2
x679	2	2
x680	2	2
x686	2	2
x690	2	2
x694	2	2
x695	2	2
x697	2	2
x699	2	2
x703	2	2
x704	2	2
x707	2	2
x708	2	2
x709	2	2
x711	2	2
x713	2	2
x715	2	2
x724	2	2
x725	2	2
x726	2	2
x727	2	2
x728	2	2
x730	2	2
x734	2	2
x735	2	2
x738	2	2
x739	2	2
x740	2	2
x742	2	2
x743	2	2
x747	2	2
x749	2	2
x751	2	2
x752	2	2
x757	2	2
x758	2	2
x763	2	2
x765	2	2
x767	2	2
x769	2	2
x772	2	2
x774	2	2
x779	2	2
x782	2	2
x785	2	2
x786	2	2
x788	2	2
x791	2	2
x792	2	2
x793	2	2
x794	2	2
x795	2	2
x797	2	2
x798	2	2
x802	2	2
x803	2	2
x804	2	2
x808	2	2
x809	2	2
x810	2	2
x812	2	2
x814	2	2
x816	2	2
x817	2	2
x818	2	2
x825	2	2
x826	2	2
x829	2	2
x830	2	2
x833	2	2
x834	2	2
x838	2	2
x841	2	2
x846	2	2
x851	2	2
x853	2	2
x855	2	2
x857	2	2
x858	2	2
x859	2	2
x864	2	2
x867	2	2
x869	2	2
x873	2	2
x874	2	2
x876	2	2
x877	2	2
x878	2	2
x879	2	2
x880	2	2
x881	2	2
x883	2	2
x884	2	2
x885	2	2
x886	2	2
x888	2	2
x890	2	2
x891	2	2
x892	2	2
x894	2	2
x897	2	2
x898	2	2
x899	2	2
x900	2	2
x902	2	2
x911	2	2
x913	2	2
x915	2	2
x917	2	2
x922	2	2
x923	2	2
x924	2	2
x928	2	2
x936	2	2
x941	2	2
x947	2	2
x948	2	2
x950	2	2
x951	2	2
x953	2	2
x958	2	2
x961	2	2
x962	2	2
x965	2	2
x968	2	2
x971	2	2
x973	2	2
x977	2	2
x979	2	2
x980	2	2
x982	2	2
x984	2	2
x985	2	2
x986	2	2
x987	2	2
x989	2	2
x993	2	2
x996	2	2
x997	2	2
x998	2	2

Context: 45
X	y20	y45
x0	2	2
x2	2	2
x4	2	2
x7	2	2
x8	2	2
x9	2	2
x11	2	2
x13	2	2
x14	2	2
x20	2	2
x24	2	2
x25	2	2
x29	2	2
x30	2	2
x31	2	2
x32	2	2
x35	2	2
x44	2	2
x45	2	2
x49	2	2
x50	2	2
x51	2	2
x54	2	2
x56	2	2
x60	2	2
x63	2	2
x64	2	2
x68	2	2
x71	2	2
x77	2	2
x78	2	2
x84	2	2
x85	2	2
x86	2	2
x87	2	2
x88	2	2
x89	2	2
x90	2	2
x91	2	2
x92	2	2
x93	2	2
x94	2	2
x96	2	2
x99	2	2
x102	2	2
x103	2	2
x105	2	2
x111	2	2
x113	2	2
x116	2	2
x118	2	2
x120	2	2
x121	2	2
x122	2	2
x123	2	2
x124	2	2
x126	2	2
x127	2	2
x130	2	2
x132	2	2
x133	2	2
x135	2	2
x136	2	2
x138	2	2
x139	2	2
x140	2	2
x144	2	2
x145	2	2
x146	2	2
x148	2	2
x150	2	2
x151	2	2
x152	2	2
x153	2	2
x157	2	2
x160	2	2
x162	2	2
x165	2	2
x166	2	2
x176	2	2
x177	2	2
x178	2	2
x181	2	2
x186	2	2
x189	2	2
x190	2	2
x191	2	2
x193	2	2
x194	2	2
x200	2	2
x201	2	2
x208	2	2
x211	2	2
x212	2	2
x218	2	2
x221	2	2
x224	2	2
x226	2	2
x227	2	2
x228	2	2
x231	2	2
x233	2	2
x234	2	2
x238	2	2
x239	2	2
x241	2	2
x242	2	2
x248	2	2
x251	2	2
x252	2	2
x253	2	2
x255	2	2
x256	2	2
x258	2	2
x261	2	2
x265	2	2
x266	2	2
x271	2	2
x272	2	2
x273	2	2
x276	2	2
x279	2	2
x286	2	2
x288	2	2
x289	2	2
x290	2	2
x291	2	2
x292	2	2
x296	2	2
x297	2	2
x298	2	2
x308	2	2
x309	2	2
x310	2	2
x315	2	2
x320	2	2
x325	2	2
x326	2	2
x328	2	2
x329	2	2
x330	2	2
x332	2	2
x335	2	2
x338	2	2
x339	2	2
x340	2	2
x342	2	2
x344	2	2
x346	2	2
x347	2	2
x350	2	2
x351	2	2
x353	2	2
x360	2	2
x362	2	2
x363	2	2
x364	2	2
x365	2	2
x371	2	2
x375	2	2
x377	2	2
x379	2	2
x382	2	2
x385	2	2
x386	2	2
x387	2	2
x395	2	2
x396	2	2
x401	2	2
x405	2	2
x406	2	2
x407	2	2
x411	2	2
x412	2	2
x413	2	2
x414	2	2
x419	2	2
x420	2	2
x421	2	2
x422	2	2
x423	2	2
x428	2	2
x429	2	2
x432	2	2
x439	2	2
x441	2	2
x453	2	2
x456	2	2
x459	2	2
x460	2	2
x464	2	2
x465	2	2
x469	2	2
x470	2	2
x476	2	2
x479	2	2
x480	2	2
x482	2	2
x484	2	2
x485	2	2
x486	2	2
x488	2	2
x490	2	2
x491	2	2
x494	2	2
x496	2	2
x498	2	2
x499	2	2
x503	2	2
x505	2	2
x506	2	2
x507	2	2
x508	2	2
x510	2	2
x511	2	2
x512	2	2
x514	2	2
x516	2	2
x518	2	2
x519	2	2
x524	2	2
x526	2	2
x528	2	2
x529	2	2
x531	2	2
x532	2	2
x535	2	2
x537	2	2
x538	2	2
x542	2	2
x543	2	2
x549	2	2
x550	2	2
x551	2	2
x552	2	2
x554	2	2
x557	2	2
x565	2	2
x570	2	2
x571	2	2
x575	2	2
x578	2	2
x580	2	2
x585	2	2
x586	2	2
x588	2	2
x589	2	2
x590	2	2
x592	2	2
x597	2	2
x600	2	2
x603	2	2
x604	2	2
x605	2	2
x607	2	2
x608	2	2
x609	2	2
x611	2	2
x612	2	2
x616	2	2
x619	2	2
x620	2	2
x630	2	2
x631	2	2
x634	2	2
x635	2	2
x636	2	2
x637	2	2
x638	2	2
x639	2	2
x640	2	2
x641	2	2
x642	2	2
x645	2	2
x646	2	2
x648	2	2
x650	2	2
x652	2	2
x655	2	2
x657	2	2
x660	2	2
x664	2	2
x665	2	2
x667	2	2
x669	2	2
x673	2	2
x677	2	2
x679	2	2
x680	2	2
x686	2	2
x690	2	2
x694	2	2
x695	2	2
x697	2	2
x699	2	2
x703	2	2
x704	2	2
x707	2	2
x708	2	2
x709	2	2
x711	2	2
x713	2	2
x715	2	2
x724	2	2
x725	2	2
x726	2	2
x727	2	2
x728	2	2
x730	2	2
x734	2	2
x735	2	2
x738	2	2
x739	2	2
x740	2	2
x742	2	2
x743	2	2
x747	2	2
x749	2	2
x751	2	2
x752	2	2
x757	2	2
x758	2	2
x763	2	2
x765	2	2
x767	2	2
x769	2	2
x772	2	2
x774	2	2
x779	2	2
x782	2	2
x785	2	2
x786	2	2
x788	2	2
x791	2	2
x792	2	2
x793	2	2
x794	2	2
x795	2	2
x797	2	2
x798	2	2
x802	2	2
x803	2	2
x804	2	2
x808	2	2
x809	2	2
x810	2	2
x812	2	2
x814	2	2
x816	2	2
x817	2	2
x818	2	2
x825	2	2
x826	2	2
x829	2	2
x830	2	2
x833	2	2
x834	2	2
x838	2	2
x841	2	2
x846	2	2
x851	2	2
x853	2	2
x855	2	2
x857	2	2
x858	2	2
x859	2	2
x864	2	2
x867	2	2
x869	2	2
x873	2	2
x874	2	2
x876	2	2
x877	2	2
x878	2	2
x879	2	2
x880	2	2
x881	2	2
x883	2	2
x884	2	2
x885	2	2
x886	2	2
x888	2	2
x890	2	2
x891	2	2
x892	2	2
x894	2	2
x897	2	2
x898	2	2
x899	2	2
x900	2	2
x902	2	2
x911	2	2
x913	2	2
x915	2	2
x917	2	2
x922	2	2
x923	2	2
x924	2	2
x928	2	2
x936	2	2
x941	2	2
x947	2	2
x948	2	2
x950	2	2
x951	2	2
x953	2	2
x958	2	2
x961	2	2
x962	2	2
x965	2	2
x968	2	2
x971	2	2
x973	2	2
x977	2	2
x979	2	2
x980	2	2
x982	2	2
x984	2	2
x985	2	2
x986	2	2
x987	2	2
x989	2	2
x993	2	2
x996	2	2
x997	2	2
x998	2	2

(310, 3, 3), X=[0,2,5,6,7,8,11,20,21,22,24,30,31,32,43,45,52,53,56,58,63,66,71,72,73,74,81,84,85,86,89,90,92,95,96,102,104,107,108,110,111,114,119,124,129,138,142,143,144,151,152,160,164,174,179,185,187,190,197,201,203,208,214,216,220,225,226,229,230,232,236,242,244,245,247,248,249,253,254,255,263,264,265,269,271,272,274,276,281,282,287,291,292,298,299,300,301,302,304,306,307,316,318,319,321,323,324,326,338,339,343,344,349,351,352,356,367,368,369,377,384,386,389,393,395,398,406,407,411,413,414,415,416,430,433,435,438,443,445,446,448,455,462,463,472,473,480,481,482,484,485,486,488,498,500,504,509,510,516,517,520,521,522,525,526,529,530,531,532,539,540,542,543,545,546,552,553,554,556,560,571,572,576,579,585,588,589,591,596,600,603,608,609,621,622,623,627,628,629,638,641,649,650,651,652,656,665,667,672,677,682,686,691,692,698,700,704,705,706,718,719,721,738,740,746,748,750,752,758,760,762,763,764,765,767,771,772,775,776,779,780,781,783,784,785,787,790,793,799,805,806,809,811,812,817,820,831,832,836,840,843,854,855,860,862,863,865,869,870,871,872,874,876,878,880,891,893,896,899,903,904,905,911,917,929,936,940,941,944,946,947,949,951,952,953,956,957,958,960,963,964,968,970,971,974,978,979,987,994,996], Y=[8,34,41], Z=[24,27,39], RowPattern=Constant, ColumnPattern=Constant, ContextPattern=Constant, %Missings=0, %Noise=0, %Errors=0 PlaidCoherency=None

Context: 24
X	y8	y34	y41
x0	0	0	0
x2	0	0	0
x5	0	0	0
x6	0	0	0
x7	0	0	0
x8	0	0	0
x11	0	0	0
x20	0	0	0
x21	0	0	0
x22	0	0	0
x24	0	0	0
x30	0	0	0
x31	0	0	0
x32	0	0	0
x43	0	0	0
x45	0	0	0
x52	0	0	0
x53	0	0	0
x56	0	0	0
x58	0	0	0
x63	0	0	0
x66	0	0	0
x71	0	0	0
x72	0	0	0
x73	0	0	0
x74	0	0	0
x81	0	0	0
x84	0	0	0
x85	0	0	0
x86	0	0	0
x89	0	0	0
x90	0	0	0
x92	0	0	0
x95	0	0	0
x96	0	0	0
x102	0	0	0
x104	0	0	0
x107	0	0	0
x108	0	0	0
x110	0	0	0
x111	0	0	0
x114	0	0	0
x119	0	0	0
x124	0	0	0
x129	0	0	0
x138	0	0	0
x142	0	0	0
x143	0	0	0
x144	0	0	0
x151	0	0	0
x152	0	0	0
x160	0	0	0
x164	0	0	0
x174	0	0	0
x179	0	0	0
x185	0	0	0
x187	0	0	0
x190	0	0	0
x197	0	0	0
x201	0	0	0
x203	0	0	0
x208	0	0	0
x214	0	0	0
x216	0	0	0
x220	0	0	0
x225	0	0	0
x226	0	0	0
x229	0	0	0
x230	0	0	0
x232	0	0	0
x236	0	0	0
x242	0	0	0
x244	0	0	0
x245	0	0	0
x247	0	0	0
x248	0	0	0
x249	0	0	0
x253	0	0	0
x254	0	0	0
x255	0	0	0
x263	0	0	0
x264	0	0	0
x265	0	0	0
x269	0	0	0
x271	0	0	0
x272	0	0	0
x274	0	0	0
x276	0	0	0
x281	0	0	0
x282	0	0	0
x287	0	0	0
x291	0	0	0
x292	0	0	0
x298	0	0	0
x299	0	0	0
x300	0	0	0
x301	0	0	0
x302	0	0	0
x304	0	0	0
x306	0	0	0
x307	0	0	0
x316	0	0	0
x318	0	0	0
x319	0	0	0
x321	0	0	0
x323	0	0	0
x324	0	0	0
x326	0	0	0
x338	0	0	0
x339	0	0	0
x343	0	0	0
x344	0	0	0
x349	0	0	0
x351	0	0	0
x352	0	0	0
x356	0	0	0
x367	0	0	0
x368	0	0	0
x369	0	0	0
x377	0	0	0
x384	0	0	0
x386	0	0	0
x389	0	0	0
x393	0	0	0
x395	0	0	0
x398	0	0	0
x406	0	0	0
x407	0	0	0
x411	0	0	0
x413	0	0	0
x414	0	0	0
x415	0	0	0
x416	0	0	0
x430	0	0	0
x433	0	0	0
x435	0	0	0
x438	0	0	0
x443	0	0	0
x445	0	0	0
x446	0	0	0
x448	0	0	0
x455	0	0	0
x462	0	0	0
x463	0	0	0
x472	0	0	0
x473	0	0	0
x480	0	0	0
x481	0	0	0
x482	0	0	0
x484	0	0	0
x485	0	0	0
x486	0	0	0
x488	0	0	0
x498	0	0	0
x500	0	0	0
x504	0	0	0
x509	0	0	0
x510	0	0	0
x516	0	0	0
x517	0	0	0
x520	0	0	0
x521	0	0	0
x522	0	0	0
x525	0	0	0
x526	0	0	0
x529	0	0	0
x530	0	0	0
x531	0	0	0
x532	0	0	0
x539	0	0	0
x540	0	0	0
x542	0	0	0
x543	0	0	0
x545	0	0	0
x546	0	0	0
x552	0	0	0
x553	0	0	0
x554	0	0	0
x556	0	0	0
x560	0	0	0
x571	0	0	0
x572	0	0	0
x576	0	0	0
x579	0	0	0
x585	0	0	0
x588	0	0	0
x589	0	0	0
x591	0	0	0
x596	0	0	0
x600	0	0	0
x603	0	0	0
x608	0	0	0
x609	0	0	0
x621	0	0	0
x622	0	0	0
x623	0	0	0
x627	0	0	0
x628	0	0	0
x629	0	0	0
x638	0	0	0
x641	0	0	0
x649	0	0	0
x650	0	0	0
x651	0	0	0
x652	0	0	0
x656	0	0	0
x665	0	0	0
x667	0	0	0
x672	0	0	0
x677	0	0	0
x682	0	0	0
x686	0	0	0
x691	0	0	0
x692	0	0	0
x698	0	0	0
x700	0	0	0
x704	0	0	0
x705	0	0	0
x706	0	0	0
x718	0	0	0
x719	0	0	0
x721	0	0	0
x738	0	0	0
x740	0	0	0
x746	0	0	0
x748	0	0	0
x750	0	0	0
x752	0	0	0
x758	0	0	0
x760	0	0	0
x762	0	0	0
x763	0	0	0
x764	0	0	0
x765	0	0	0
x767	0	0	0
x771	0	0	0
x772	0	0	0
x775	0	0	0
x776	0	0	0
x779	0	0	0
x780	0	0	0
x781	0	0	0
x783	0	0	0
x784	0	0	0
x785	0	0	0
x787	0	0	0
x790	0	0	0
x793	0	0	0
x799	0	0	0
x805	0	0	0
x806	0	0	0
x809	0	0	0
x811	0	0	0
x812	0	0	0
x817	0	0	0
x820	0	0	0
x831	0	0	0
x832	0	0	0
x836	0	0	0
x840	0	0	0
x843	0	0	0
x854	0	0	0
x855	0	0	0
x860	0	0	0
x862	0	0	0
x863	0	0	0
x865	0	0	0
x869	0	0	0
x870	0	0	0
x871	0	0	0
x872	0	0	0
x874	0	0	0
x876	0	0	0
x878	0	0	0
x880	0	0	0
x891	0	0	0
x893	0	0	0
x896	0	0	0
x899	0	0	0
x903	0	0	0
x904	0	0	0
x905	0	0	0
x911	0	0	0
x917	0	0	0
x929	0	0	0
x936	0	0	0
x940	0	0	0
x941	0	0	0
x944	0	0	0
x946	0	0	0
x947	0	0	0
x949	0	0	0
x951	0	0	0
x952	0	0	0
x953	0	0	0
x956	0	0	0
x957	0	0	0
x958	0	0	0
x960	0	0	0
x963	0	0	0
x964	0	0	0
x968	0	0	0
x970	0	0	0
x971	0	0	0
x974	0	0	0
x978	0	0	0
x979	0	0	0
x987	0	0	0
x994	0	0	0
x996	0	0	0

Context: 27
X	y8	y34	y41
x0	0	0	0
x2	0	0	0
x5	0	0	0
x6	0	0	0
x7	0	0	0
x8	0	0	0
x11	0	0	0
x20	0	0	0
x21	0	0	0
x22	0	0	0
x24	0	0	0
x30	0	0	0
x31	0	0	0
x32	0	0	0
x43	0	0	0
x45	0	0	0
x52	0	0	0
x53	0	0	0
x56	0	0	0
x58	0	0	0
x63	0	0	0
x66	0	0	0
x71	0	0	0
x72	0	0	0
x73	0	0	0
x74	0	0	0
x81	0	0	0
x84	0	0	0
x85	0	0	0
x86	0	0	0
x89	0	0	0
x90	0	0	0
x92	0	0	0
x95	0	0	0
x96	0	0	0
x102	0	0	0
x104	0	0	0
x107	0	0	0
x108	0	0	0
x110	0	0	0
x111	0	0	0
x114	0	0	0
x119	0	0	0
x124	0	0	0
x129	0	0	0
x138	0	0	0
x142	0	0	0
x143	0	0	0
x144	0	0	0
x151	0	0	0
x152	0	0	0
x160	0	0	0
x164	0	0	0
x174	0	0	0
x179	0	0	0
x185	0	0	0
x187	0	0	0
x190	0	0	0
x197	0	0	0
x201	0	0	0
x203	0	0	0
x208	0	0	0
x214	0	0	0
x216	0	0	0
x220	0	0	0
x225	0	0	0
x226	0	0	0
x229	0	0	0
x230	0	0	0
x232	0	0	0
x236	0	0	0
x242	0	0	0
x244	0	0	0
x245	0	0	0
x247	0	0	0
x248	0	0	0
x249	0	0	0
x253	0	0	0
x254	0	0	0
x255	0	0	0
x263	0	0	0
x264	0	0	0
x265	0	0	0
x269	0	0	0
x271	0	0	0
x272	0	0	0
x274	0	0	0
x276	0	0	0
x281	0	0	0
x282	0	0	0
x287	0	0	0
x291	0	0	0
x292	0	0	0
x298	0	0	0
x299	0	0	0
x300	0	0	0
x301	0	0	0
x302	0	0	0
x304	0	0	0
x306	0	0	0
x307	0	0	0
x316	0	0	0
x318	0	0	0
x319	0	0	0
x321	0	0	0
x323	0	0	0
x324	0	0	0
x326	0	0	0
x338	0	0	0
x339	0	0	0
x343	0	0	0
x344	0	0	0
x349	0	0	0
x351	0	0	0
x352	0	0	0
x356	0	0	0
x367	0	0	0
x368	0	0	0
x369	0	0	0
x377	0	0	0
x384	0	0	0
x386	0	0	0
x389	0	0	0
x393	0	0	0
x395	0	0	0
x398	0	0	0
x406	0	0	0
x407	0	0	0
x411	0	0	0
x413	0	0	0
x414	0	0	0
x415	0	0	0
x416	0	0	0
x430	0	0	0
x433	0	0	0
x435	0	0	0
x438	0	0	0
x443	0	0	0
x445	0	0	0
x446	0	0	0
x448	0	0	0
x455	0	0	0
x462	0	0	0
x463	0	0	0
x472	0	0	0
x473	0	0	0
x480	0	0	0
x481	0	0	0
x482	0	0	0
x484	0	0	0
x485	0	0	0
x486	0	0	0
x488	0	0	0
x498	0	0	0
x500	0	0	0
x504	0	0	0
x509	0	0	0
x510	0	0	0
x516	0	0	0
x517	0	0	0
x520	0	0	0
x521	0	0	0
x522	0	0	0
x525	0	0	0
x526	0	0	0
x529	0	0	0
x530	0	0	0
x531	0	0	0
x532	0	0	0
x539	0	0	0
x540	0	0	0
x542	0	0	0
x543	0	0	0
x545	0	0	0
x546	0	0	0
x552	0	0	0
x553	0	0	0
x554	0	0	0
x556	0	0	0
x560	0	0	0
x571	0	0	0
x572	0	0	0
x576	0	0	0
x579	0	0	0
x585	0	0	0
x588	0	0	0
x589	0	0	0
x591	0	0	0
x596	0	0	0
x600	0	0	0
x603	0	0	0
x608	0	0	0
x609	0	0	0
x621	0	0	0
x622	0	0	0
x623	0	0	0
x627	0	0	0
x628	0	0	0
x629	0	0	0
x638	0	0	0
x641	0	0	0
x649	0	0	0
x650	0	0	0
x651	0	0	0
x652	0	0	0
x656	0	0	0
x665	0	0	0
x667	0	0	0
x672	0	0	0
x677	0	0	0
x682	0	0	0
x686	0	0	0
x691	0	0	0
x692	0	0	0
x698	0	0	0
x700	0	0	0
x704	0	0	0
x705	0	0	0
x706	0	0	0
x718	0	0	0
x719	0	0	0
x721	0	0	0
x738	0	0	0
x740	0	0	0
x746	0	0	0
x748	0	0	0
x750	0	0	0
x752	0	0	0
x758	0	0	0
x760	0	0	0
x762	0	0	0
x763	0	0	0
x764	0	0	0
x765	0	0	0
x767	0	0	0
x771	0	0	0
x772	0	0	0
x775	0	0	0
x776	0	0	0
x779	0	0	0
x780	0	0	0
x781	0	0	0
x783	0	0	0
x784	0	0	0
x785	0	0	0
x787	0	0	0
x790	0	0	0
x793	0	0	0
x799	0	0	0
x805	0	0	0
x806	0	0	0
x809	0	0	0
x811	0	0	0
x812	0	0	0
x817	0	0	0
x820	0	0	0
x831	0	0	0
x832	0	0	0
x836	0	0	0
x840	0	0	0
x843	0	0	0
x854	0	0	0
x855	0	0	0
x860	0	0	0
x862	0	0	0
x863	0	0	0
x865	0	0	0
x869	0	0	0
x870	0	0	0
x871	0	0	0
x872	0	0	0
x874	0	0	0
x876	0	0	0
x878	0	0	0
x880	0	0	0
x891	0	0	0
x893	0	0	0
x896	0	0	0
x899	0	0	0
x903	0	0	0
x904	0	0	0
x905	0	0	0
x911	0	0	0
x917	0	0	0
x929	0	0	0
x936	0	0	0
x940	0	0	0
x941	0	0	0
x944	0	0	0
x946	0	0	0
x947	0	0	0
x949	0	0	0
x951	0	0	0
x952	0	0	0
x953	0	0	0
x956	0	0	0
x957	0	0	0
x958	0	0	0
x960	0	0	0
x963	0	0	0
x964	0	0	0
x968	0	0	0
x970	0	0	0
x971	0	0	0
x974	0	0	0
x978	0	0	0
x979	0	0	0
x987	0	0	0
x994	0	0	0
x996	0	0	0

Context: 39
X	y8	y34	y41
x0	0	0	0
x2	0	0	0
x5	0	0	0
x6	0	0	0
x7	0	0	0
x8	0	0	0
x11	0	0	0
x20	0	0	0
x21	0	0	0
x22	0	0	0
x24	0	0	0
x30	0	0	0
x31	0	0	0
x32	0	0	0
x43	0	0	0
x45	0	0	0
x52	0	0	0
x53	0	0	0
x56	0	0	0
x58	0	0	0
x63	0	0	0
x66	0	0	0
x71	0	0	0
x72	0	0	0
x73	0	0	0
x74	0	0	0
x81	0	0	0
x84	0	0	0
x85	0	0	0
x86	0	0	0
x89	0	0	0
x90	0	0	0
x92	0	0	0
x95	0	0	0
x96	0	0	0
x102	0	0	0
x104	0	0	0
x107	0	0	0
x108	0	0	0
x110	0	0	0
x111	0	0	0
x114	0	0	0
x119	0	0	0
x124	0	0	0
x129	0	0	0
x138	0	0	0
x142	0	0	0
x143	0	0	0
x144	0	0	0
x151	0	0	0
x152	0	0	0
x160	0	0	0
x164	0	0	0
x174	0	0	0
x179	0	0	0
x185	0	0	0
x187	0	0	0
x190	0	0	0
x197	0	0	0
x201	0	0	0
x203	0	0	0
x208	0	0	0
x214	0	0	0
x216	0	0	0
x220	0	0	0
x225	0	0	0
x226	0	0	0
x229	0	0	0
x230	0	0	0
x232	0	0	0
x236	0	0	0
x242	0	0	0
x244	0	0	0
x245	0	0	0
x247	0	0	0
x248	0	0	0
x249	0	0	0
x253	0	0	0
x254	0	0	0
x255	0	0	0
x263	0	0	0
x264	0	0	0
x265	0	0	0
x269	0	0	0
x271	0	0	0
x272	0	0	0
x274	0	0	0
x276	0	0	0
x281	0	0	0
x282	0	0	0
x287	0	0	0
x291	0	0	0
x292	0	0	0
x298	0	0	0
x299	0	0	0
x300	0	0	0
x301	0	0	0
x302	0	0	0
x304	0	0	0
x306	0	0	0
x307	0	0	0
x316	0	0	0
x318	0	0	0
x319	0	0	0
x321	0	0	0
x323	0	0	0
x324	0	0	0
x326	0	0	0
x338	0	0	0
x339	0	0	0
x343	0	0	0
x344	0	0	0
x349	0	0	0
x351	0	0	0
x352	0	0	0
x356	0	0	0
x367	0	0	0
x368	0	0	0
x369	0	0	0
x377	0	0	0
x384	0	0	0
x386	0	0	0
x389	0	0	0
x393	0	0	0
x395	0	0	0
x398	0	0	0
x406	0	0	0
x407	0	0	0
x411	0	0	0
x413	0	0	0
x414	0	0	0
x415	0	0	0
x416	0	0	0
x430	0	0	0
x433	0	0	0
x435	0	0	0
x438	0	0	0
x443	0	0	0
x445	0	0	0
x446	0	0	0
x448	0	0	0
x455	0	0	0
x462	0	0	0
x463	0	0	0
x472	0	0	0
x473	0	0	0
x480	0	0	0
x481	0	0	0
x482	0	0	0
x484	0	0	0
x485	0	0	0
x486	0	0	0
x488	0	0	0
x498	0	0	0
x500	0	0	0
x504	0	0	0
x509	0	0	0
x510	0	0	0
x516	0	0	0
x517	0	0	0
x520	0	0	0
x521	0	0	0
x522	0	0	0
x525	0	0	0
x526	0	0	0
x529	0	0	0
x530	0	0	0
x531	0	0	0
x532	0	0	0
x539	0	0	0
x540	0	0	0
x542	0	0	0
x543	0	0	0
x545	0	0	0
x546	0	0	0
x552	0	0	0
x553	0	0	0
x554	0	0	0
x556	0	0	0
x560	0	0	0
x571	0	0	0
x572	0	0	0
x576	0	0	0
x579	0	0	0
x585	0	0	0
x588	0	0	0
x589	0	0	0
x591	0	0	0
x596	0	0	0
x600	0	0	0
x603	0	0	0
x608	0	0	0
x609	0	0	0
x621	0	0	0
x622	0	0	0
x623	0	0	0
x627	0	0	0
x628	0	0	0
x629	0	0	0
x638	0	0	0
x641	0	0	0
x649	0	0	0
x650	0	0	0
x651	0	0	0
x652	0	0	0
x656	0	0	0
x665	0	0	0
x667	0	0	0
x672	0	0	0
x677	0	0	0
x682	0	0	0
x686	0	0	0
x691	0	0	0
x692	0	0	0
x698	0	0	0
x700	0	0	0
x704	0	0	0
x705	0	0	0
x706	0	0	0
x718	0	0	0
x719	0	0	0
x721	0	0	0
x738	0	0	0
x740	0	0	0
x746	0	0	0
x748	0	0	0
x750	0	0	0
x752	0	0	0
x758	0	0	0
x760	0	0	0
x762	0	0	0
x763	0	0	0
x764	0	0	0
x765	0	0	0
x767	0	0	0
x771	0	0	0
x772	0	0	0
x775	0	0	0
x776	0	0	0
x779	0	0	0
x780	0	0	0
x781	0	0	0
x783	0	0	0
x784	0	0	0
x785	0	0	0
x787	0	0	0
x790	0	0	0
x793	0	0	0
x799	0	0	0
x805	0	0	0
x806	0	0	0
x809	0	0	0
x811	0	0	0
x812	0	0	0
x817	0	0	0
x820	0	0	0
x831	0	0	0
x832	0	0	0
x836	0	0	0
x840	0	0	0
x843	0	0	0
x854	0	0	0
x855	0	0	0
x860	0	0	0
x862	0	0	0
x863	0	0	0
x865	0	0	0
x869	0	0	0
x870	0	0	0
x871	0	0	0
x872	0	0	0
x874	0	0	0
x876	0	0	0
x878	0	0	0
x880	0	0	0
x891	0	0	0
x893	0	0	0
x896	0	0	0
x899	0	0	0
x903	0	0	0
x904	0	0	0
x905	0	0	0
x911	0	0	0
x917	0	0	0
x929	0	0	0
x936	0	0	0
x940	0	0	0
x941	0	0	0
x944	0	0	0
x946	0	0	0
x947	0	0	0
x949	0	0	0
x951	0	0	0
x952	0	0	0
x953	0	0	0
x956	0	0	0
x957	0	0	0
x958	0	0	0
x960	0	0	0
x963	0	0	0
x964	0	0	0
x968	0	0	0
x970	0	0	0
x971	0	0	0
x974	0	0	0
x978	0	0	0
x979	0	0	0
x987	0	0	0
x994	0	0	0
x996	0	0	0

(409, 3, 3), X=[0,1,2,5,6,9,13,14,18,21,23,32,35,36,41,45,46,49,52,53,60,61,62,63,64,65,66,67,68,70,71,74,77,79,80,83,87,89,92,95,97,100,103,106,107,111,119,121,122,123,124,130,135,140,144,145,146,147,152,153,155,156,166,168,169,170,174,180,186,191,193,195,198,200,202,203,204,205,206,210,213,215,216,218,224,225,229,235,236,237,238,240,241,254,257,258,261,262,265,269,271,273,274,275,276,277,278,280,282,286,289,292,295,297,306,312,313,314,317,320,321,322,331,333,334,338,340,341,342,343,344,349,353,355,357,358,360,362,363,368,369,371,375,381,382,383,386,387,388,389,391,392,396,398,399,400,402,404,405,409,412,414,419,423,425,426,435,437,438,439,442,449,450,451,452,454,459,460,461,462,467,468,469,470,472,473,474,475,479,480,484,487,488,490,491,494,495,496,499,500,501,502,505,507,508,513,514,515,521,522,523,524,525,527,528,529,531,537,539,540,542,544,546,547,550,558,565,566,568,569,571,576,577,585,587,590,591,592,594,595,597,600,601,604,606,607,608,610,616,617,621,622,625,628,631,632,633,637,638,640,642,645,647,648,652,653,654,657,658,659,660,662,663,665,666,668,673,675,676,680,682,690,691,692,693,700,704,709,712,716,719,722,724,727,728,729,731,732,733,735,741,748,750,751,754,756,757,759,762,770,771,774,777,778,782,784,786,788,789,790,793,795,796,805,811,812,814,816,817,818,821,823,824,825,827,828,830,834,835,836,844,847,849,850,852,859,862,866,867,868,869,872,874,875,876,878,881,883,887,889,890,891,893,894,897,898,899,900,904,907,910,911,914,916,917,919,921,923,925,927,928,935,936,938,939,941,945,948,951,952,953,954,956,958,961,966,967,972,973,974,975,977,979,980,984,985,990,995,998], Y=[11,15,36], Z=[7,46,48], RowPattern=Constant, ColumnPattern=Constant, ContextPattern=Constant, %Missings=0, %Noise=0, %Errors=0 PlaidCoherency=None

Context: 7
X	y11	y15	y36
x0	1	1	1
x1	1	1	1
x2	1	1	1
x5	1	1	1
x6	1	1	1
x9	1	1	1
x13	1	1	1
x14	1	1	1
x18	1	1	1
x21	1	1	1
x23	1	1	1
x32	1	1	1
x35	1	1	1
x36	1	1	1
x41	1	1	1
x45	1	1	1
x46	1	1	1
x49	1	1	1
x52	1	1	1
x53	1	1	1
x60	1	1	1
x61	1	1	1
x62	1	1	1
x63	1	1	1
x64	1	1	1
x65	1	1	1
x66	1	1	1
x67	1	1	1
x68	1	1	1
x70	1	1	1
x71	1	1	1
x74	1	1	1
x77	1	1	1
x79	1	1	1
x80	1	1	1
x83	1	1	1
x87	1	1	1
x89	1	1	1
x92	1	1	1
x95	1	1	1
x97	1	1	1
x100	1	1	1
x103	1	1	1
x106	1	1	1
x107	1	1	1
x111	1	1	1
x119	1	1	1
x121	1	1	1
x122	1	1	1
x123	1	1	1
x124	1	1	1
x130	1	1	1
x135	1	1	1
x140	1	1	1
x144	1	1	1
x145	1	1	1
x146	1	1	1
x147	1	1	1
x152	1	1	1
x153	1	1	1
x155	1	1	1
x156	1	1	1
x166	1	1	1
x168	1	1	1
x169	1	1	1
x170	1	1	1
x174	1	1	1
x180	1	1	1
x186	1	1	1
x191	1	1	1
x193	1	1	1
x195	1	1	1
x198	1	1	1
x200	1	1	1
x202	1	1	1
x203	1	1	1
x204	1	1	1
x205	1	1	1
x206	1	1	1
x210	1	1	1
x213	1	1	1
x215	1	1	1
x216	1	1	1
x218	1	1	1
x224	1	1	1
x225	1	1	1
x229	1	1	1
x235	1	1	1
x236	1	1	1
x237	1	1	1
x238	1	1	1
x240	1	1	1
x241	1	1	1
x254	1	1	1
x257	1	1	1
x258	1	1	1
x261	1	1	1
x262	1	1	1
x265	1	1	1
x269	1	1	1
x271	1	1	1
x273	1	1	1
x274	1	1	1
x275	1	1	1
x276	1	1	1
x277	1	1	1
x278	1	1	1
x280	1	1	1
x282	1	1	1
x286	1	1	1
x289	1	1	1
x292	1	1	1
x295	1	1	1
x297	1	1	1
x306	1	1	1
x312	1	1	1
x313	1	1	1
x314	1	1	1
x317	1	1	1
x320	1	1	1
x321	1	1	1
x322	1	1	1
x331	1	1	1
x333	1	1	1
x334	1	1	1
x338	1	1	1
x340	1	1	1
x341	1	1	1
x342	1	1	1
x343	1	1	1
x344	1	1	1
x349	1	1	1
x353	1	1	1
x355	1	1	1
x357	1	1	1
x358	1	1	1
x360	1	1	1
x362	1	1	1
x363	1	1	1
x368	1	1	1
x369	1	1	1
x371	1	1	1
x375	1	1	1
x381	1	1	1
x382	1	1	1
x383	1	1	1
x386	1	1	1
x387	1	1	1
x388	1	1	1
x389	1	1	1
x391	1	1	1
x392	1	1	1
x396	1	1	1
x398	1	1	1
x399	1	1	1
x400	1	1	1
x402	1	1	1
x404	1	1	1
x405	1	1	1
x409	1	1	1
x412	1	1	1
x414	1	1	1
x419	1	1	1
x423	1	1	1
x425	1	1	1
x426	1	1	1
x435	1	1	1
x437	1	1	1
x438	1	1	1
x439	1	1	1
x442	1	1	1
x449	1	1	1
x450	1	1	1
x451	1	1	1
x452	1	1	1
x454	1	1	1
x459	1	1	1
x460	1	1	1
x461	1	1	1
x462	1	1	1
x467	1	1	1
x468	1	1	1
x469	1	1	1
x470	1	1	1
x472	1	1	1
x473	1	1	1
x474	1	1	1
x475	1	1	1
x479	1	1	1
x480	1	1	1
x484	1	1	1
x487	1	1	1
x488	1	1	1
x490	1	1	1
x491	1	1	1
x494	1	1	1
x495	1	1	1
x496	1	1	1
x499	1	1	1
x500	1	1	1
x501	1	1	1
x502	1	1	1
x505	1	1	1
x507	1	1	1
x508	1	1	1
x513	1	1	1
x514	1	1	1
x515	1	1	1
x521	1	1	1
x522	1	1	1
x523	1	1	1
x524	1	1	1
x525	1	1	1
x527	1	1	1
x528	1	1	1
x529	1	1	1
x531	1	1	1
x537	1	1	1
x539	1	1	1
x540	1	1	1
x542	1	1	1
x544	1	1	1
x546	1	1	1
x547	1	1	1
x550	1	1	1
x558	1	1	1
x565	1	1	1
x566	1	1	1
x568	1	1	1
x569	1	1	1
x571	1	1	1
x576	1	1	1
x577	1	1	1
x585	1	1	1
x587	1	1	1
x590	1	1	1
x591	1	1	1
x592	1	1	1
x594	1	1	1
x595	1	1	1
x597	1	1	1
x600	1	1	1
x601	1	1	1
x604	1	1	1
x606	1	1	1
x607	1	1	1
x608	1	1	1
x610	1	1	1
x616	1	1	1
x617	1	1	1
x621	1	1	1
x622	1	1	1
x625	1	1	1
x628	1	1	1
x631	1	1	1
x632	1	1	1
x633	1	1	1
x637	1	1	1
x638	1	1	1
x640	1	1	1
x642	1	1	1
x645	1	1	1
x647	1	1	1
x648	1	1	1
x652	1	1	1
x653	1	1	1
x654	1	1	1
x657	1	1	1
x658	1	1	1
x659	1	1	1
x660	1	1	1
x662	1	1	1
x663	1	1	1
x665	1	1	1
x666	1	1	1
x668	1	1	1
x673	1	1	1
x675	1	1	1
x676	1	1	1
x680	1	1	1
x682	1	1	1
x690	1	1	1
x691	1	1	1
x692	1	1	1
x693	1	1	1
x700	1	1	1
x704	1	1	1
x709	1	1	1
x712	1	1	1
x716	1	1	1
x719	1	1	1
x722	1	1	1
x724	1	1	1
x727	1	1	1
x728	1	1	1
x729	1	1	1
x731	1	1	1
x732	1	1	1
x733	1	1	1
x735	1	1	1
x741	1	1	1
x748	1	1	1
x750	1	1	1
x751	1	1	1
x754	1	1	1
x756	1	1	1
x757	1	1	1
x759	1	1	1
x762	1	1	1
x770	1	1	1
x771	1	1	1
x774	1	1	1
x777	1	1	1
x778	1	1	1
x782	1	1	1
x784	1	1	1
x786	1	1	1
x788	1	1	1
x789	1	1	1
x790	1	1	1
x793	1	1	1
x795	1	1	1
x796	1	1	1
x805	1	1	1
x811	1	1	1
x812	1	1	1
x814	1	1	1
x816	1	1	1
x817	1	1	1
x818	1	1	1
x821	1	1	1
x823	1	1	1
x824	1	1	1
x825	1	1	1
x827	1	1	1
x828	1	1	1
x830	1	1	1
x834	1	1	1
x835	1	1	1
x836	1	1	1
x844	1	1	1
x847	1	1	1
x849	1	1	1
x850	1	1	1
x852	1	1	1
x859	1	1	1
x862	1	1	1
x866	1	1	1
x867	1	1	1
x868	1	1	1
x869	1	1	1
x872	1	1	1
x874	1	1	1
x875	1	1	1
x876	1	1	1
x878	1	1	1
x881	1	1	1
x883	1	1	1
x887	1	1	1
x889	1	1	1
x890	1	1	1
x891	1	1	1
x893	1	1	1
x894	1	1	1
x897	1	1	1
x898	1	1	1
x899	1	1	1
x900	1	1	1
x904	1	1	1
x907	1	1	1
x910	1	1	1
x911	1	1	1
x914	1	1	1
x916	1	1	1
x917	1	1	1
x919	1	1	1
x921	1	1	1
x923	1	1	1
x925	1	1	1
x927	1	1	1
x928	1	1	1
x935	1	1	1
x936	1	1	1
x938	1	1	1
x939	1	1	1
x941	1	1	1
x945	1	1	1
x948	1	1	1
x951	1	1	1
x952	1	1	1
x953	1	1	1
x954	1	1	1
x956	1	1	1
x958	1	1	1
x961	1	1	1
x966	1	1	1
x967	1	1	1
x972	1	1	1
x973	1	1	1
x974	1	1	1
x975	1	1	1
x977	1	1	1
x979	1	1	1
x980	1	1	1
x984	1	1	1
x985	1	1	1
x990	1	1	1
x995	1	1	1
x998	1	1	1

Context: 46
X	y11	y15	y36
x0	1	1	1
x1	1	1	1
x2	1	1	1
x5	1	1	1
x6	1	1	1
x9	1	1	1
x13	1	1	1
x14	1	1	1
x18	1	1	1
x21	1	1	1
x23	1	1	1
x32	1	1	1
x35	1	1	1
x36	1	1	1
x41	1	1	1
x45	1	1	1
x46	1	1	1
x49	1	1	1
x52	1	1	1
x53	1	1	1
x60	1	1	1
x61	1	1	1
x62	1	1	1
x63	1	1	1
x64	1	1	1
x65	1	1	1
x66	1	1	1
x67	1	1	1
x68	1	1	1
x70	1	1	1
x71	1	1	1
x74	1	1	1
x77	1	1	1
x79	1	1	1
x80	1	1	1
x83	1	1	1
x87	1	1	1
x89	1	1	1
x92	1	1	1
x95	1	1	1
x97	1	1	1
x100	1	1	1
x103	1	1	1
x106	1	1	1
x107	1	1	1
x111	1	1	1
x119	1	1	1
x121	1	1	1
x122	1	1	1
x123	1	1	1
x124	1	1	1
x130	1	1	1
x135	1	1	1
x140	1	1	1
x144	1	1	1
x145	1	1	1
x146	1	1	1
x147	1	1	1
x152	1	1	1
x153	1	1	1
x155	1	1	1
x156	1	1	1
x166	1	1	1
x168	1	1	1
x169	1	1	1
x170	1	1	1
x174	1	1	1
x180	1	1	1
x186	1	1	1
x191	1	1	1
x193	1	1	1
x195	1	1	1
x198	1	1	1
x200	1	1	1
x202	1	1	1
x203	1	1	1
x204	1	1	1
x205	1	1	1
x206	1	1	1
x210	1	1	1
x213	1	1	1
x215	1	1	1
x216	1	1	1
x218	1	1	1
x224	1	1	1
x225	1	1	1
x229	1	1	1
x235	1	1	1
x236	1	1	1
x237	1	1	1
x238	1	1	1
x240	1	1	1
x241	1	1	1
x254	1	1	1
x257	1	1	1
x258	1	1	1
x261	1	1	1
x262	1	1	1
x265	1	1	1
x269	1	1	1
x271	1	1	1
x273	1	1	1
x274	1	1	1
x275	1	1	1
x276	1	1	1
x277	1	1	1
x278	1	1	1
x280	1	1	1
x282	1	1	1
x286	1	1	1
x289	1	1	1
x292	1	1	1
x295	1	1	1
x297	1	1	1
x306	1	1	1
x312	1	1	1
x313	1	1	1
x314	1	1	1
x317	1	1	1
x320	1	1	1
x321	1	1	1
x322	1	1	1
x331	1	1	1
x333	1	1	1
x334	1	1	1
x338	1	1	1
x340	1	1	1
x341	1	1	1
x342	1	1	1
x343	1	1	1
x344	1	1	1
x349	1	1	1
x353	1	1	1
x355	1	1	1
x357	1	1	1
x358	1	1	1
x360	1	1	1
x362	1	1	1
x363	1	1	1
x368	1	1	1
x369	1	1	1
x371	1	1	1
x375	1	1	1
x381	1	1	1
x382	1	1	1
x383	1	1	1
x386	1	1	1
x387	1	1	1
x388	1	1	1
x389	1	1	1
x391	1	1	1
x392	1	1	1
x396	1	1	1
x398	1	1	1
x399	1	1	1
x400	1	1	1
x402	1	1	1
x404	1	1	1
x405	1	1	1
x409	1	1	1
x412	1	1	1
x414	1	1	1
x419	1	1	1
x423	1	1	1
x425	1	1	1
x426	1	1	1
x435	1	1	1
x437	1	1	1
x438	1	1	1
x439	1	1	1
x442	1	1	1
x449	1	1	1
x450	1	1	1
x451	1	1	1
x452	1	1	1
x454	1	1	1
x459	1	1	1
x460	1	1	1
x461	1	1	1
x462	1	1	1
x467	1	1	1
x468	1	1	1
x469	1	1	1
x470	1	1	1
x472	1	1	1
x473	1	1	1
x474	1	1	1
x475	1	1	1
x479	1	1	1
x480	1	1	1
x484	1	1	1
x487	1	1	1
x488	1	1	1
x490	1	1	1
x491	1	1	1
x494	1	1	1
x495	1	1	1
x496	1	1	1
x499	1	1	1
x500	1	1	1
x501	1	1	1
x502	1	1	1
x505	1	1	1
x507	1	1	1
x508	1	1	1
x513	1	1	1
x514	1	1	1
x515	1	1	1
x521	1	1	1
x522	1	1	1
x523	1	1	1
x524	1	1	1
x525	1	1	1
x527	1	1	1
x528	1	1	1
x529	1	1	1
x531	1	1	1
x537	1	1	1
x539	1	1	1
x540	1	1	1
x542	1	1	1
x544	1	1	1
x546	1	1	1
x547	1	1	1
x550	1	1	1
x558	1	1	1
x565	1	1	1
x566	1	1	1
x568	1	1	1
x569	1	1	1
x571	1	1	1
x576	1	1	1
x577	1	1	1
x585	1	1	1
x587	1	1	1
x590	1	1	1
x591	1	1	1
x592	1	1	1
x594	1	1	1
x595	1	1	1
x597	1	1	1
x600	1	1	1
x601	1	1	1
x604	1	1	1
x606	1	1	1
x607	1	1	1
x608	1	1	1
x610	1	1	1
x616	1	1	1
x617	1	1	1
x621	1	1	1
x622	1	1	1
x625	1	1	1
x628	1	1	1
x631	1	1	1
x632	1	1	1
x633	1	1	1
x637	1	1	1
x638	1	1	1
x640	1	1	1
x642	1	1	1
x645	1	1	1
x647	1	1	1
x648	1	1	1
x652	1	1	1
x653	1	1	1
x654	1	1	1
x657	1	1	1
x658	1	1	1
x659	1	1	1
x660	1	1	1
x662	1	1	1
x663	1	1	1
x665	1	1	1
x666	1	1	1
x668	1	1	1
x673	1	1	1
x675	1	1	1
x676	1	1	1
x680	1	1	1
x682	1	1	1
x690	1	1	1
x691	1	1	1
x692	1	1	1
x693	1	1	1
x700	1	1	1
x704	1	1	1
x709	1	1	1
x712	1	1	1
x716	1	1	1
x719	1	1	1
x722	1	1	1
x724	1	1	1
x727	1	1	1
x728	1	1	1
x729	1	1	1
x731	1	1	1
x732	1	1	1
x733	1	1	1
x735	1	1	1
x741	1	1	1
x748	1	1	1
x750	1	1	1
x751	1	1	1
x754	1	1	1
x756	1	1	1
x757	1	1	1
x759	1	1	1
x762	1	1	1
x770	1	1	1
x771	1	1	1
x774	1	1	1
x777	1	1	1
x778	1	1	1
x782	1	1	1
x784	1	1	1
x786	1	1	1
x788	1	1	1
x789	1	1	1
x790	1	1	1
x793	1	1	1
x795	1	1	1
x796	1	1	1
x805	1	1	1
x811	1	1	1
x812	1	1	1
x814	1	1	1
x816	1	1	1
x817	1	1	1
x818	1	1	1
x821	1	1	1
x823	1	1	1
x824	1	1	1
x825	1	1	1
x827	1	1	1
x828	1	1	1
x830	1	1	1
x834	1	1	1
x835	1	1	1
x836	1	1	1
x844	1	1	1
x847	1	1	1
x849	1	1	1
x850	1	1	1
x852	1	1	1
x859	1	1	1
x862	1	1	1
x866	1	1	1
x867	1	1	1
x868	1	1	1
x869	1	1	1
x872	1	1	1
x874	1	1	1
x875	1	1	1
x876	1	1	1
x878	1	1	1
x881	1	1	1
x883	1	1	1
x887	1	1	1
x889	1	1	1
x890	1	1	1
x891	1	1	1
x893	1	1	1
x894	1	1	1
x897	1	1	1
x898	1	1	1
x899	1	1	1
x900	1	1	1
x904	1	1	1
x907	1	1	1
x910	1	1	1
x911	1	1	1
x914	1	1	1
x916	1	1	1
x917	1	1	1
x919	1	1	1
x921	1	1	1
x923	1	1	1
x925	1	1	1
x927	1	1	1
x928	1	1	1
x935	1	1	1
x936	1	1	1
x938	1	1	1
x939	1	1	1
x941	1	1	1
x945	1	1	1
x948	1	1	1
x951	1	1	1
x952	1	1	1
x953	1	1	1
x954	1	1	1
x956	1	1	1
x958	1	1	1
x961	1	1	1
x966	1	1	1
x967	1	1	1
x972	1	1	1
x973	1	1	1
x974	1	1	1
x975	1	1	1
x977	1	1	1
x979	1	1	1
x980	1	1	1
x984	1	1	1
x985	1	1	1
x990	1	1	1
x995	1	1	1
x998	1	1	1

Context: 48
X	y11	y15	y36
x0	1	1	1
x1	1	1	1
x2	1	1	1
x5	1	1	1
x6	1	1	1
x9	1	1	1
x13	1	1	1
x14	1	1	1
x18	1	1	1
x21	1	1	1
x23	1	1	1
x32	1	1	1
x35	1	1	1
x36	1	1	1
x41	1	1	1
x45	1	1	1
x46	1	1	1
x49	1	1	1
x52	1	1	1
x53	1	1	1
x60	1	1	1
x61	1	1	1
x62	1	1	1
x63	1	1	1
x64	1	1	1
x65	1	1	1
x66	1	1	1
x67	1	1	1
x68	1	1	1
x70	1	1	1
x71	1	1	1
x74	1	1	1
x77	1	1	1
x79	1	1	1
x80	1	1	1
x83	1	1	1
x87	1	1	1
x89	1	1	1
x92	1	1	1
x95	1	1	1
x97	1	1	1
x100	1	1	1
x103	1	1	1
x106	1	1	1
x107	1	1	1
x111	1	1	1
x119	1	1	1
x121	1	1	1
x122	1	1	1
x123	1	1	1
x124	1	1	1
x130	1	1	1
x135	1	1	1
x140	1	1	1
x144	1	1	1
x145	1	1	1
x146	1	1	1
x147	1	1	1
x152	1	1	1
x153	1	1	1
x155	1	1	1
x156	1	1	1
x166	1	1	1
x168	1	1	1
x169	1	1	1
x170	1	1	1
x174	1	1	1
x180	1	1	1
x186	1	1	1
x191	1	1	1
x193	1	1	1
x195	1	1	1
x198	1	1	1
x200	1	1	1
x202	1	1	1
x203	1	1	1
x204	1	1	1
x205	1	1	1
x206	1	1	1
x210	1	1	1
x213	1	1	1
x215	1	1	1
x216	1	1	1
x218	1	1	1
x224	1	1	1
x225	1	1	1
x229	1	1	1
x235	1	1	1
x236	1	1	1
x237	1	1	1
x238	1	1	1
x240	1	1	1
x241	1	1	1
x254	1	1	1
x257	1	1	1
x258	1	1	1
x261	1	1	1
x262	1	1	1
x265	1	1	1
x269	1	1	1
x271	1	1	1
x273	1	1	1
x274	1	1	1
x275	1	1	1
x276	1	1	1
x277	1	1	1
x278	1	1	1
x280	1	1	1
x282	1	1	1
x286	1	1	1
x289	1	1	1
x292	1	1	1
x295	1	1	1
x297	1	1	1
x306	1	1	1
x312	1	1	1
x313	1	1	1
x314	1	1	1
x317	1	1	1
x320	1	1	1
x321	1	1	1
x322	1	1	1
x331	1	1	1
x333	1	1	1
x334	1	1	1
x338	1	1	1
x340	1	1	1
x341	1	1	1
x342	1	1	1
x343	1	1	1
x344	1	1	1
x349	1	1	1
x353	1	1	1
x355	1	1	1
x357	1	1	1
x358	1	1	1
x360	1	1	1
x362	1	1	1
x363	1	1	1
x368	1	1	1
x369	1	1	1
x371	1	1	1
x375	1	1	1
x381	1	1	1
x382	1	1	1
x383	1	1	1
x386	1	1	1
x387	1	1	1
x388	1	1	1
x389	1	1	1
x391	1	1	1
x392	1	1	1
x396	1	1	1
x398	1	1	1
x399	1	1	1
x400	1	1	1
x402	1	1	1
x404	1	1	1
x405	1	1	1
x409	1	1	1
x412	1	1	1
x414	1	1	1
x419	1	1	1
x423	1	1	1
x425	1	1	1
x426	1	1	1
x435	1	1	1
x437	1	1	1
x438	1	1	1
x439	1	1	1
x442	1	1	1
x449	1	1	1
x450	1	1	1
x451	1	1	1
x452	1	1	1
x454	1	1	1
x459	1	1	1
x460	1	1	1
x461	1	1	1
x462	1	1	1
x467	1	1	1
x468	1	1	1
x469	1	1	1
x470	1	1	1
x472	1	1	1
x473	1	1	1
x474	1	1	1
x475	1	1	1
x479	1	1	1
x480	1	1	1
x484	1	1	1
x487	1	1	1
x488	1	1	1
x490	1	1	1
x491	1	1	1
x494	1	1	1
x495	1	1	1
x496	1	1	1
x499	1	1	1
x500	1	1	1
x501	1	1	1
x502	1	1	1
x505	1	1	1
x507	1	1	1
x508	1	1	1
x513	1	1	1
x514	1	1	1
x515	1	1	1
x521	1	1	1
x522	1	1	1
x523	1	1	1
x524	1	1	1
x525	1	1	1
x527	1	1	1
x528	1	1	1
x529	1	1	1
x531	1	1	1
x537	1	1	1
x539	1	1	1
x540	1	1	1
x542	1	1	1
x544	1	1	1
x546	1	1	1
x547	1	1	1
x550	1	1	1
x558	1	1	1
x565	1	1	1
x566	1	1	1
x568	1	1	1
x569	1	1	1
x571	1	1	1
x576	1	1	1
x577	1	1	1
x585	1	1	1
x587	1	1	1
x590	1	1	1
x591	1	1	1
x592	1	1	1
x594	1	1	1
x595	1	1	1
x597	1	1	1
x600	1	1	1
x601	1	1	1
x604	1	1	1
x606	1	1	1
x607	1	1	1
x608	1	1	1
x610	1	1	1
x616	1	1	1
x617	1	1	1
x621	1	1	1
x622	1	1	1
x625	1	1	1
x628	1	1	1
x631	1	1	1
x632	1	1	1
x633	1	1	1
x637	1	1	1
x638	1	1	1
x640	1	1	1
x642	1	1	1
x645	1	1	1
x647	1	1	1
x648	1	1	1
x652	1	1	1
x653	1	1	1
x654	1	1	1
x657	1	1	1
x658	1	1	1
x659	1	1	1
x660	1	1	1
x662	1	1	1
x663	1	1	1
x665	1	1	1
x666	1	1	1
x668	1	1	1
x673	1	1	1
x675	1	1	1
x676	1	1	1
x680	1	1	1
x682	1	1	1
x690	1	1	1
x691	1	1	1
x692	1	1	1
x693	1	1	1
x700	1	1	1
x704	1	1	1
x709	1	1	1
x712	1	1	1
x716	1	1	1
x719	1	1	1
x722	1	1	1
x724	1	1	1
x727	1	1	1
x728	1	1	1
x729	1	1	1
x731	1	1	1
x732	1	1	1
x733	1	1	1
x735	1	1	1
x741	1	1	1
x748	1	1	1
x750	1	1	1
x751	1	1	1
x754	1	1	1
x756	1	1	1
x757	1	1	1
x759	1	1	1
x762	1	1	1
x770	1	1	1
x771	1	1	1
x774	1	1	1
x777	1	1	1
x778	1	1	1
x782	1	1	1
x784	1	1	1
x786	1	1	1
x788	1	1	1
x789	1	1	1
x790	1	1	1
x793	1	1	1
x795	1	1	1
x796	1	1	1
x805	1	1	1
x811	1	1	1
x812	1	1	1
x814	1	1	1
x816	1	1	1
x817	1	1	1
x818	1	1	1
x821	1	1	1
x823	1	1	1
x824	1	1	1
x825	1	1	1
x827	1	1	1
x828	1	1	1
x830	1	1	1
x834	1	1	1
x835	1	1	1
x836	1	1	1
x844	1	1	1
x847	1	1	1
x849	1	1	1
x850	1	1	1
x852	1	1	1
x859	1	1	1
x862	1	1	1
x866	1	1	1
x867	1	1	1
x868	1	1	1
x869	1	1	1
x872	1	1	1
x874	1	1	1
x875	1	1	1
x876	1	1	1
x878	1	1	1
x881	1	1	1
x883	1	1	1
x887	1	1	1
x889	1	1	1
x890	1	1	1
x891	1	1	1
x893	1	1	1
x894	1	1	1
x897	1	1	1
x898	1	1	1
x899	1	1	1
x900	1	1	1
x904	1	1	1
x907	1	1	1
x910	1	1	1
x911	1	1	1
x914	1	1	1
x916	1	1	1
x917	1	1	1
x919	1	1	1
x921	1	1	1
x923	1	1	1
x925	1	1	1
x927	1	1	1
x928	1	1	1
x935	1	1	1
x936	1	1	1
x938	1	1	1
x939	1	1	1
x941	1	1	1
x945	1	1	1
x948	1	1	1
x951	1	1	1
x952	1	1	1
x953	1	1	1
x954	1	1	1
x956	1	1	1
x958	1	1	1
x961	1	1	1
x966	1	1	1
x967	1	1	1
x972	1	1	1
x973	1	1	1
x974	1	1	1
x975	1	1	1
x977	1	1	1
x979	1	1	1
x980	1	1	1
x984	1	1	1
x985	1	1	1
x990	1	1	1
x995	1	1	1
x998	1	1	1

(450, 3, 2), X=[2,4,6,8,9,10,12,14,16,18,19,21,24,25,26,28,29,33,36,37,38,39,41,43,45,46,47,48,52,53,56,59,63,64,65,66,67,70,71,72,74,77,80,83,84,85,89,90,91,94,95,98,100,101,106,107,108,112,114,115,117,122,123,124,129,130,132,136,139,147,151,152,153,154,155,159,160,161,162,163,168,170,171,172,174,175,176,185,186,188,192,193,195,197,204,206,208,211,214,216,217,219,221,222,223,224,226,230,231,232,234,240,241,242,245,246,250,252,256,259,261,262,263,264,266,272,275,277,278,280,281,283,285,288,289,298,300,301,302,303,305,306,308,309,310,311,316,317,319,320,323,324,325,328,329,333,336,338,339,343,346,347,349,350,351,353,354,357,361,362,365,366,369,370,371,372,375,377,379,381,382,383,387,389,395,402,404,405,407,410,412,413,417,418,419,424,428,429,431,432,435,436,437,439,440,441,442,443,446,447,455,458,459,461,462,465,467,468,472,473,474,482,484,492,495,497,499,502,503,504,508,509,518,519,520,521,523,529,530,533,534,535,539,543,545,548,549,550,551,552,554,556,557,558,559,562,563,566,568,569,571,573,576,582,583,584,585,586,589,590,596,598,600,603,607,608,609,611,612,613,617,618,619,620,623,624,626,628,629,630,632,633,635,636,638,639,641,644,645,647,648,649,650,651,652,653,655,656,659,664,666,667,672,673,675,680,684,685,686,690,693,697,699,702,704,705,706,707,708,711,712,715,717,719,720,721,722,723,725,727,730,731,732,735,744,745,751,753,754,755,756,760,763,766,768,770,771,773,774,775,779,781,785,787,788,795,799,801,802,807,808,810,811,814,815,818,819,820,822,824,826,827,829,830,832,835,836,837,838,839,841,843,844,848,850,854,855,856,858,862,863,864,868,874,876,877,878,880,882,888,893,894,898,899,900,902,908,909,911,914,916,917,918,920,921,927,931,934,941,942,944,948,950,957,960,964,965,966,967,968,969,976,977,980,982,984,986,987,988,992], Y=[5,10,32], Z=[35,42], RowPattern=Constant, ColumnPattern=Constant, ContextPattern=Constant, %Missings=0, %Noise=0, %Errors=0 PlaidCoherency=None

Context: 35
X	y5	y10	y32
x2	0	0	0
x4	0	0	0
x6	0	0	0
x8	0	0	0
x9	0	0	0
x10	0	0	0
x12	0	0	0
x14	0	0	0
x16	0	0	0
x18	0	0	0
x19	0	0	0
x21	0	0	0
x24	0	0	0
x25	0	0	0
x26	0	0	0
x28	0	0	0
x29	0	0	0
x33	0	0	0
x36	0	0	0
x37	0	0	0
x38	0	0	0
x39	0	0	0
x41	0	0	0
x43	0	0	0
x45	0	0	0
x46	0	0	0
x47	0	0	0
x48	0	0	0
x52	0	0	0
x53	0	0	0
x56	0	0	0
x59	0	0	0
x63	0	0	0
x64	0	0	0
x65	0	0	0
x66	0	0	0
x67	0	0	0
x70	0	0	0
x71	0	0	0
x72	0	0	0
x74	0	0	0
x77	0	0	0
x80	0	0	0
x83	0	0	0
x84	0	0	0
x85	0	0	0
x89	0	0	0
x90	0	0	0
x91	0	0	0
x94	0	0	0
x95	0	0	0
x98	0	0	0
x100	0	0	0
x101	0	0	0
x106	0	0	0
x107	0	0	0
x108	0	0	0
x112	0	0	0
x114	0	0	0
x115	0	0	0
x117	0	0	0
x122	0	0	0
x123	0	0	0
x124	0	0	0
x129	0	0	0
x130	0	0	0
x132	0	0	0
x136	0	0	0
x139	0	0	0
x147	0	0	0
x151	0	0	0
x152	0	0	0
x153	0	0	0
x154	0	0	0
x155	0	0	0
x159	0	0	0
x160	0	0	0
x161	0	0	0
x162	0	0	0
x163	0	0	0
x168	0	0	0
x170	0	0	0
x171	0	0	0
x172	0	0	0
x174	0	0	0
x175	0	0	0
x176	0	0	0
x185	0	0	0
x186	0	0	0
x188	0	0	0
x192	0	0	0
x193	0	0	0
x195	0	0	0
x197	0	0	0
x204	0	0	0
x206	0	0	0
x208	0	0	0
x211	0	0	0
x214	0	0	0
x216	0	0	0
x217	0	0	0
x219	0	0	0
x221	0	0	0
x222	0	0	0
x223	0	0	0
x224	0	0	0
x226	0	0	0
x230	0	0	0
x231	0	0	0
x232	0	0	0
x234	0	0	0
x240	0	0	0
x241	0	0	0
x242	0	0	0
x245	0	0	0
x246	0	0	0
x250	0	0	0
x252	0	0	0
x256	0	0	0
x259	0	0	0
x261	0	0	0
x262	0	0	0
x263	0	0	0
x264	0	0	0
x266	0	0	0
x272	0	0	0
x275	0	0	0
x277	0	0	0
x278	0	0	0
x280	0	0	0
x281	0	0	0
x283	0	0	0
x285	0	0	0
x288	0	0	0
x289	0	0	0
x298	0	0	0
x300	0	0	0
x301	0	0	0
x302	0	0	0
x303	0	0	0
x305	0	0	0
x306	0	0	0
x308	0	0	0
x309	0	0	0
x310	0	0	0
x311	0	0	0
x316	0	0	0
x317	0	0	0
x319	0	0	0
x320	0	0	0
x323	0	0	0
x324	0	0	0
x325	0	0	0
x328	0	0	0
x329	0	0	0
x333	0	0	0
x336	0	0	0
x338	0	0	0
x339	0	0	0
x343	0	0	0
x346	0	0	0
x347	0	0	0
x349	0	0	0
x350	0	0	0
x351	0	0	0
x353	0	0	0
x354	0	0	0
x357	0	0	0
x361	0	0	0
x362	0	0	0
x365	0	0	0
x366	0	0	0
x369	0	0	0
x370	0	0	0
x371	0	0	0
x372	0	0	0
x375	0	0	0
x377	0	0	0
x379	0	0	0
x381	0	0	0
x382	0	0	0
x383	0	0	0
x387	0	0	0
x389	0	0	0
x395	0	0	0
x402	0	0	0
x404	0	0	0
x405	0	0	0
x407	0	0	0
x410	0	0	0
x412	0	0	0
x413	0	0	0
x417	0	0	0
x418	0	0	0
x419	0	0	0
x424	0	0	0
x428	0	0	0
x429	0	0	0
x431	0	0	0
x432	0	0	0
x435	0	0	0
x436	0	0	0
x437	0	0	0
x439	0	0	0
x440	0	0	0
x441	0	0	0
x442	0	0	0
x443	0	0	0
x446	0	0	0
x447	0	0	0
x455	0	0	0
x458	0	0	0
x459	0	0	0
x461	0	0	0
x462	0	0	0
x465	0	0	0
x467	0	0	0
x468	0	0	0
x472	0	0	0
x473	0	0	0
x474	0	0	0
x482	0	0	0
x484	0	0	0
x492	0	0	0
x495	0	0	0
x497	0	0	0
x499	0	0	0
x502	0	0	0
x503	0	0	0
x504	0	0	0
x508	0	0	0
x509	0	0	0
x518	0	0	0
x519	0	0	0
x520	0	0	0
x521	0	0	0
x523	0	0	0
x529	0	0	0
x530	0	0	0
x533	0	0	0
x534	0	0	0
x535	0	0	0
x539	0	0	0
x543	0	0	0
x545	0	0	0
x548	0	0	0
x549	0	0	0
x550	0	0	0
x551	0	0	0
x552	0	0	0
x554	0	0	0
x556	0	0	0
x557	0	0	0
x558	0	0	0
x559	0	0	0
x562	0	0	0
x563	0	0	0
x566	0	0	0
x568	0	0	0
x569	0	0	0
x571	0	0	0
x573	0	0	0
x576	0	0	0
x582	0	0	0
x583	0	0	0
x584	0	0	0
x585	0	0	0
x586	0	0	0
x589	0	0	0
x590	0	0	0
x596	0	0	0
x598	0	0	0
x600	0	0	0
x603	0	0	0
x607	0	0	0
x608	0	0	0
x609	0	0	0
x611	0	0	0
x612	0	0	0
x613	0	0	0
x617	0	0	0
x618	0	0	0
x619	0	0	0
x620	0	0	0
x623	0	0	0
x624	0	0	0
x626	0	0	0
x628	0	0	0
x629	0	0	0
x630	0	0	0
x632	0	0	0
x633	0	0	0
x635	0	0	0
x636	0	0	0
x638	0	0	0
x639	0	0	0
x641	0	0	0
x644	0	0	0
x645	0	0	0
x647	0	0	0
x648	0	0	0
x649	0	0	0
x650	0	0	0
x651	0	0	0
x652	0	0	0
x653	0	0	0
x655	0	0	0
x656	0	0	0
x659	0	0	0
x664	0	0	0
x666	0	0	0
x667	0	0	0
x672	0	0	0
x673	0	0	0
x675	0	0	0
x680	0	0	0
x684	0	0	0
x685	0	0	0
x686	0	0	0
x690	0	0	0
x693	0	0	0
x697	0	0	0
x699	0	0	0
x702	0	0	0
x704	0	0	0
x705	0	0	0
x706	0	0	0
x707	0	0	0
x708	0	0	0
x711	0	0	0
x712	0	0	0
x715	0	0	0
x717	0	0	0
x719	0	0	0
x720	0	0	0
x721	0	0	0
x722	0	0	0
x723	0	0	0
x725	0	0	0
x727	0	0	0
x730	0	0	0
x731	0	0	0
x732	0	0	0
x735	0	0	0
x744	0	0	0
x745	0	0	0
x751	0	0	0
x753	0	0	0
x754	0	0	0
x755	0	0	0
x756	0	0	0
x760	0	0	0
x763	0	0	0
x766	0	0	0
x768	0	0	0
x770	0	0	0
x771	0	0	0
x773	0	0	0
x774	0	0	0
x775	0	0	0
x779	0	0	0
x781	0	0	0
x785	0	0	0
x787	0	0	0
x788	0	0	0
x795	0	0	0
x799	0	0	0
x801	0	0	0
x802	0	0	0
x807	0	0	0
x808	0	0	0
x810	0	0	0
x811	0	0	0
x814	0	0	0
x815	0	0	0
x818	0	0	0
x819	0	0	0
x820	0	0	0
x822	0	0	0
x824	0	0	0
x826	0	0	0
x827	0	0	0
x829	0	0	0
x830	0	0	0
x832	0	0	0
x835	0	0	0
x836	0	0	0
x837	0	0	0
x838	0	0	0
x839	0	0	0
x841	0	0	0
x843	0	0	0
x844	0	0	0
x848	0	0	0
x850	0	0	0
x854	0	0	0
x855	0	0	0
x856	0	0	0
x858	0	0	0
x862	0	0	0
x863	0	0	0
x864	0	0	0
x868	0	0	0
x874	0	0	0
x876	0	0	0
x877	0	0	0
x878	0	0	0
x880	0	0	0
x882	0	0	0
x888	0	0	0
x893	0	0	0
x894	0	0	0
x898	0	0	0
x899	0	0	0
x900	0	0	0
x902	0	0	0
x908	0	0	0
x909	0	0	0
x911	0	0	0
x914	0	0	0
x916	0	0	0
x917	0	0	0
x918	0	0	0
x920	0	0	0
x921	0	0	0
x927	0	0	0
x931	0	0	0
x934	0	0	0
x941	0	0	0
x942	0	0	0
x944	0	0	0
x948	0	0	0
x950	0	0	0
x957	0	0	0
x960	0	0	0
x964	0	0	0
x965	0	0	0
x966	0	0	0
x967	0	0	0
x968	0	0	0
x969	0	0	0
x976	0	0	0
x977	0	0	0
x980	0	0	0
x982	0	0	0
x984	0	0	0
x986	0	0	0
x987	0	0	0
x988	0	0	0
x992	0	0	0

Context: 42
X	y5	y10	y32
x2	0	0	0
x4	0	0	0
x6	0	0	0
x8	0	0	0
x9	0	0	0
x10	0	0	0
x12	0	0	0
x14	0	0	0
x16	0	0	0
x18	0	0	0
x19	0	0	0
x21	0	0	0
x24	0	0	0
x25	0	0	0
x26	0	0	0
x28	0	0	0
x29	0	0	0
x33	0	0	0
x36	0	0	0
x37	0	0	0
x38	0	0	0
x39	0	0	0
x41	0	0	0
x43	0	0	0
x45	0	0	0
x46	0	0	0
x47	0	0	0
x48	0	0	0
x52	0	0	0
x53	0	0	0
x56	0	0	0
x59	0	0	0
x63	0	0	0
x64	0	0	0
x65	0	0	0
x66	0	0	0
x67	0	0	0
x70	0	0	0
x71	0	0	0
x72	0	0	0
x74	0	0	0
x77	0	0	0
x80	0	0	0
x83	0	0	0
x84	0	0	0
x85	0	0	0
x89	0	0	0
x90	0	0	0
x91	0	0	0
x94	0	0	0
x95	0	0	0
x98	0	0	0
x100	0	0	0
x101	0	0	0
x106	0	0	0
x107	0	0	0
x108	0	0	0
x112	0	0	0
x114	0	0	0
x115	0	0	0
x117	0	0	0
x122	0	0	0
x123	0	0	0
x124	0	0	0
x129	0	0	0
x130	0	0	0
x132	0	0	0
x136	0	0	0
x139	0	0	0
x147	0	0	0
x151	0	0	0
x152	0	0	0
x153	0	0	0
x154	0	0	0
x155	0	0	0
x159	0	0	0
x160	0	0	0
x161	0	0	0
x162	0	0	0
x163	0	0	0
x168	0	0	0
x170	0	0	0
x171	0	0	0
x172	0	0	0
x174	0	0	0
x175	0	0	0
x176	0	0	0
x185	0	0	0
x186	0	0	0
x188	0	0	0
x192	0	0	0
x193	0	0	0
x195	0	0	0
x197	0	0	0
x204	0	0	0
x206	0	0	0
x208	0	0	0
x211	0	0	0
x214	0	0	0
x216	0	0	0
x217	0	0	0
x219	0	0	0
x221	0	0	0
x222	0	0	0
x223	0	0	0
x224	0	0	0
x226	0	0	0
x230	0	0	0
x231	0	0	0
x232	0	0	0
x234	0	0	0
x240	0	0	0
x241	0	0	0
x242	0	0	0
x245	0	0	0
x246	0	0	0
x250	0	0	0
x252	0	0	0
x256	0	0	0
x259	0	0	0
x261	0	0	0
x262	0	0	0
x263	0	0	0
x264	0	0	0
x266	0	0	0
x272	0	0	0
x275	0	0	0
x277	0	0	0
x278	0	0	0
x280	0	0	0
x281	0	0	0
x283	0	0	0
x285	0	0	0
x288	0	0	0
x289	0	0	0
x298	0	0	0
x300	0	0	0
x301	0	0	0
x302	0	0	0
x303	0	0	0
x305	0	0	0
x306	0	0	0
x308	0	0	0
x309	0	0	0
x310	0	0	0
x311	0	0	0
x316	0	0	0
x317	0	0	0
x319	0	0	0
x320	0	0	0
x323	0	0	0
x324	0	0	0
x325	0	0	0
x328	0	0	0
x329	0	0	0
x333	0	0	0
x336	0	0	0
x338	0	0	0
x339	0	0	0
x343	0	0	0
x346	0	0	0
x347	0	0	0
x349	0	0	0
x350	0	0	0
x351	0	0	0
x353	0	0	0
x354	0	0	0
x357	0	0	0
x361	0	0	0
x362	0	0	0
x365	0	0	0
x366	0	0	0
x369	0	0	0
x370	0	0	0
x371	0	0	0
x372	0	0	0
x375	0	0	0
x377	0	0	0
x379	0	0	0
x381	0	0	0
x382	0	0	0
x383	0	0	0
x387	0	0	0
x389	0	0	0
x395	0	0	0
x402	0	0	0
x404	0	0	0
x405	0	0	0
x407	0	0	0
x410	0	0	0
x412	0	0	0
x413	0	0	0
x417	0	0	0
x418	0	0	0
x419	0	0	0
x424	0	0	0
x428	0	0	0
x429	0	0	0
x431	0	0	0
x432	0	0	0
x435	0	0	0
x436	0	0	0
x437	0	0	0
x439	0	0	0
x440	0	0	0
x441	0	0	0
x442	0	0	0
x443	0	0	0
x446	0	0	0
x447	0	0	0
x455	0	0	0
x458	0	0	0
x459	0	0	0
x461	0	0	0
x462	0	0	0
x465	0	0	0
x467	0	0	0
x468	0	0	0
x472	0	0	0
x473	0	0	0
x474	0	0	0
x482	0	0	0
x484	0	0	0
x492	0	0	0
x495	0	0	0
x497	0	0	0
x499	0	0	0
x502	0	0	0
x503	0	0	0
x504	0	0	0
x508	0	0	0
x509	0	0	0
x518	0	0	0
x519	0	0	0
x520	0	0	0
x521	0	0	0
x523	0	0	0
x529	0	0	0
x530	0	0	0
x533	0	0	0
x534	0	0	0
x535	0	0	0
x539	0	0	0
x543	0	0	0
x545	0	0	0
x548	0	0	0
x549	0	0	0
x550	0	0	0
x551	0	0	0
x552	0	0	0
x554	0	0	0
x556	0	0	0
x557	0	0	0
x558	0	0	0
x559	0	0	0
x562	0	0	0
x563	0	0	0
x566	0	0	0
x568	0	0	0
x569	0	0	0
x571	0	0	0
x573	0	0	0
x576	0	0	0
x582	0	0	0
x583	0	0	0
x584	0	0	0
x585	0	0	0
x586	0	0	0
x589	0	0	0
x590	0	0	0
x596	0	0	0
x598	0	0	0
x600	0	0	0
x603	0	0	0
x607	0	0	0
x608	0	0	0
x609	0	0	0
x611	0	0	0
x612	0	0	0
x613	0	0	0
x617	0	0	0
x618	0	0	0
x619	0	0	0
x620	0	0	0
x623	0	0	0
x624	0	0	0
x626	0	0	0
x628	0	0	0
x629	0	0	0
x630	0	0	0
x632	0	0	0
x633	0	0	0
x635	0	0	0
x636	0	0	0
x638	0	0	0
x639	0	0	0
x641	0	0	0
x644	0	0	0
x645	0	0	0
x647	0	0	0
x648	0	0	0
x649	0	0	0
x650	0	0	0
x651	0	0	0
x652	0	0	0
x653	0	0	0
x655	0	0	0
x656	0	0	0
x659	0	0	0
x664	0	0	0
x666	0	0	0
x667	0	0	0
x672	0	0	0
x673	0	0	0
x675	0	0	0
x680	0	0	0
x684	0	0	0
x685	0	0	0
x686	0	0	0
x690	0	0	0
x693	0	0	0
x697	0	0	0
x699	0	0	0
x702	0	0	0
x704	0	0	0
x705	0	0	0
x706	0	0	0
x707	0	0	0
x708	0	0	0
x711	0	0	0
x712	0	0	0
x715	0	0	0
x717	0	0	0
x719	0	0	0
x720	0	0	0
x721	0	0	0
x722	0	0	0
x723	0	0	0
x725	0	0	0
x727	0	0	0
x730	0	0	0
x731	0	0	0
x732	0	0	0
x735	0	0	0
x744	0	0	0
x745	0	0	0
x751	0	0	0
x753	0	0	0
x754	0	0	0
x755	0	0	0
x756	0	0	0
x760	0	0	0
x763	0	0	0
x766	0	0	0
x768	0	0	0
x770	0	0	0
x771	0	0	0
x773	0	0	0
x774	0	0	0
x775	0	0	0
x779	0	0	0
x781	0	0	0
x785	0	0	0
x787	0	0	0
x788	0	0	0
x795	0	0	0
x799	0	0	0
x801	0	0	0
x802	0	0	0
x807	0	0	0
x808	0	0	0
x810	0	0	0
x811	0	0	0
x814	0	0	0
x815	0	0	0
x818	0	0	0
x819	0	0	0
x820	0	0	0
x822	0	0	0
x824	0	0	0
x826	0	0	0
x827	0	0	0
x829	0	0	0
x830	0	0	0
x832	0	0	0
x835	0	0	0
x836	0	0	0
x837	0	0	0
x838	0	0	0
x839	0	0	0
x841	0	0	0
x843	0	0	0
x844	0	0	0
x848	0	0	0
x850	0	0	0
x854	0	0	0
x855	0	0	0
x856	0	0	0
x858	0	0	0
x862	0	0	0
x863	0	0	0
x864	0	0	0
x868	0	0	0
x874	0	0	0
x876	0	0	0
x877	0	0	0
x878	0	0	0
x880	0	0	0
x882	0	0	0
x888	0	0	0
x893	0	0	0
x894	0	0	0
x898	0	0	0
x899	0	0	0
x900	0	0	0
x902	0	0	0
x908	0	0	0
x909	0	0	0
x911	0	0	0
x914	0	0	0
x916	0	0	0
x917	0	0	0
x918	0	0	0
x920	0	0	0
x921	0	0	0
x927	0	0	0
x931	0	0	0
x934	0	0	0
x941	0	0	0
x942	0	0	0
x944	0	0	0
x948	0	0	0
x950	0	0	0
x957	0	0	0
x960	0	0	0
x964	0	0	0
x965	0	0	0
x966	0	0	0
x967	0	0	0
x968	0	0	0
x969	0	0	0
x976	0	0	0
x977	0	0	0
x980	0	0	0
x982	0	0	0
x984	0	0	0
x986	0	0	0
x987	0	0	0
x988	0	0	0
x992	0	0	0

