Number of planted triclusters: 5
Tricluster coverage: 0.35472%
Missing values on dataset: 0.0%
Noise values on dataset: 0.0%
Errors on dataset: 0.0%


(106, 3, 2), X=[11,29,32,67,90,95,97,115,126,161,162,181,216,218,221,254,262,279,281,294,303,315,320,325,331,338,339,347,358,361,371,372,379,381,389,395,397,398,417,423,429,446,457,466,471,481,484,492,515,518,521,527,530,531,536,540,551,554,562,577,589,592,596,599,603,608,621,625,628,629,639,645,648,650,656,659,662,678,689,700,709,730,738,763,770,780,783,794,820,822,834,837,840,851,862,866,868,903,940,956,963,970,971,975,976,996], Y=[12,24,26], Z=[22,23], RowPattern=Constant, ColumnPattern=Constant, ContextPattern=Constant, %Missings=0, %Noise=0, %Errors=0 PlaidCoherency=None

Context: 22
X	y12	y24	y26
x11	4	4	4
x29	4	4	4
x32	4	4	4
x67	4	4	4
x90	4	4	4
x95	4	4	4
x97	4	4	4
x115	4	4	4
x126	4	4	4
x161	4	4	4
x162	4	4	4
x181	4	4	4
x216	4	4	4
x218	4	4	4
x221	4	4	4
x254	4	4	4
x262	4	4	4
x279	4	4	4
x281	4	4	4
x294	4	4	4
x303	4	4	4
x315	4	4	4
x320	4	4	4
x325	4	4	4
x331	4	4	4
x338	4	4	4
x339	4	4	4
x347	4	4	4
x358	4	4	4
x361	4	4	4
x371	4	4	4
x372	4	4	4
x379	4	4	4
x381	4	4	4
x389	4	4	4
x395	4	4	4
x397	4	4	4
x398	4	4	4
x417	4	4	4
x423	4	4	4
x429	4	4	4
x446	4	4	4
x457	4	4	4
x466	4	4	4
x471	4	4	4
x481	4	4	4
x484	4	4	4
x492	4	4	4
x515	4	4	4
x518	4	4	4
x521	4	4	4
x527	4	4	4
x530	4	4	4
x531	4	4	4
x536	4	4	4
x540	4	4	4
x551	4	4	4
x554	4	4	4
x562	4	4	4
x577	4	4	4
x589	4	4	4
x592	4	4	4
x596	4	4	4
x599	4	4	4
x603	4	4	4
x608	4	4	4
x621	4	4	4
x625	4	4	4
x628	4	4	4
x629	4	4	4
x639	4	4	4
x645	4	4	4
x648	4	4	4
x650	4	4	4
x656	4	4	4
x659	4	4	4
x662	4	4	4
x678	4	4	4
x689	4	4	4
x700	4	4	4
x709	4	4	4
x730	4	4	4
x738	4	4	4
x763	4	4	4
x770	4	4	4
x780	4	4	4
x783	4	4	4
x794	4	4	4
x820	4	4	4
x822	4	4	4
x834	4	4	4
x837	4	4	4
x840	4	4	4
x851	4	4	4
x862	4	4	4
x866	4	4	4
x868	4	4	4
x903	4	4	4
x940	4	4	4
x956	4	4	4
x963	4	4	4
x970	4	4	4
x971	4	4	4
x975	4	4	4
x976	4	4	4
x996	4	4	4

Context: 23
X	y12	y24	y26
x11	4	4	4
x29	4	4	4
x32	4	4	4
x67	4	4	4
x90	4	4	4
x95	4	4	4
x97	4	4	4
x115	4	4	4
x126	4	4	4
x161	4	4	4
x162	4	4	4
x181	4	4	4
x216	4	4	4
x218	4	4	4
x221	4	4	4
x254	4	4	4
x262	4	4	4
x279	4	4	4
x281	4	4	4
x294	4	4	4
x303	4	4	4
x315	4	4	4
x320	4	4	4
x325	4	4	4
x331	4	4	4
x338	4	4	4
x339	4	4	4
x347	4	4	4
x358	4	4	4
x361	4	4	4
x371	4	4	4
x372	4	4	4
x379	4	4	4
x381	4	4	4
x389	4	4	4
x395	4	4	4
x397	4	4	4
x398	4	4	4
x417	4	4	4
x423	4	4	4
x429	4	4	4
x446	4	4	4
x457	4	4	4
x466	4	4	4
x471	4	4	4
x481	4	4	4
x484	4	4	4
x492	4	4	4
x515	4	4	4
x518	4	4	4
x521	4	4	4
x527	4	4	4
x530	4	4	4
x531	4	4	4
x536	4	4	4
x540	4	4	4
x551	4	4	4
x554	4	4	4
x562	4	4	4
x577	4	4	4
x589	4	4	4
x592	4	4	4
x596	4	4	4
x599	4	4	4
x603	4	4	4
x608	4	4	4
x621	4	4	4
x625	4	4	4
x628	4	4	4
x629	4	4	4
x639	4	4	4
x645	4	4	4
x648	4	4	4
x650	4	4	4
x656	4	4	4
x659	4	4	4
x662	4	4	4
x678	4	4	4
x689	4	4	4
x700	4	4	4
x709	4	4	4
x730	4	4	4
x738	4	4	4
x763	4	4	4
x770	4	4	4
x780	4	4	4
x783	4	4	4
x794	4	4	4
x820	4	4	4
x822	4	4	4
x834	4	4	4
x837	4	4	4
x840	4	4	4
x851	4	4	4
x862	4	4	4
x866	4	4	4
x868	4	4	4
x903	4	4	4
x940	4	4	4
x956	4	4	4
x963	4	4	4
x970	4	4	4
x971	4	4	4
x975	4	4	4
x976	4	4	4
x996	4	4	4

(86, 2, 3), X=[11,27,33,41,60,82,92,105,111,117,118,130,133,141,149,158,192,199,207,217,236,238,242,243,252,267,272,276,293,298,308,319,322,330,331,334,352,355,415,445,479,484,532,536,537,545,548,565,574,576,590,654,662,663,665,675,676,691,694,699,712,768,775,785,793,812,844,850,875,877,881,882,888,908,909,915,926,953,962,964,979,981,987,991,995,999], Y=[10,43], Z=[18,19,20], RowPattern=Constant, ColumnPattern=Constant, ContextPattern=Constant, %Missings=0, %Noise=0, %Errors=0 PlaidCoherency=None

Context: 18
X	y10	y43
x11	5	5
x27	5	5
x33	5	5
x41	5	5
x60	5	5
x82	5	5
x92	5	5
x105	5	5
x111	5	5
x117	5	5
x118	5	5
x130	5	5
x133	5	5
x141	5	5
x149	5	5
x158	5	5
x192	5	5
x199	5	5
x207	5	5
x217	5	5
x236	5	5
x238	5	5
x242	5	5
x243	5	5
x252	5	5
x267	5	5
x272	5	5
x276	5	5
x293	5	5
x298	5	5
x308	5	5
x319	5	5
x322	5	5
x330	5	5
x331	5	5
x334	5	5
x352	5	5
x355	5	5
x415	5	5
x445	5	5
x479	5	5
x484	5	5
x532	5	5
x536	5	5
x537	5	5
x545	5	5
x548	5	5
x565	5	5
x574	5	5
x576	5	5
x590	5	5
x654	5	5
x662	5	5
x663	5	5
x665	5	5
x675	5	5
x676	5	5
x691	5	5
x694	5	5
x699	5	5
x712	5	5
x768	5	5
x775	5	5
x785	5	5
x793	5	5
x812	5	5
x844	5	5
x850	5	5
x875	5	5
x877	5	5
x881	5	5
x882	5	5
x888	5	5
x908	5	5
x909	5	5
x915	5	5
x926	5	5
x953	5	5
x962	5	5
x964	5	5
x979	5	5
x981	5	5
x987	5	5
x991	5	5
x995	5	5
x999	5	5

Context: 19
X	y10	y43
x11	5	5
x27	5	5
x33	5	5
x41	5	5
x60	5	5
x82	5	5
x92	5	5
x105	5	5
x111	5	5
x117	5	5
x118	5	5
x130	5	5
x133	5	5
x141	5	5
x149	5	5
x158	5	5
x192	5	5
x199	5	5
x207	5	5
x217	5	5
x236	5	5
x238	5	5
x242	5	5
x243	5	5
x252	5	5
x267	5	5
x272	5	5
x276	5	5
x293	5	5
x298	5	5
x308	5	5
x319	5	5
x322	5	5
x330	5	5
x331	5	5
x334	5	5
x352	5	5
x355	5	5
x415	5	5
x445	5	5
x479	5	5
x484	5	5
x532	5	5
x536	5	5
x537	5	5
x545	5	5
x548	5	5
x565	5	5
x574	5	5
x576	5	5
x590	5	5
x654	5	5
x662	5	5
x663	5	5
x665	5	5
x675	5	5
x676	5	5
x691	5	5
x694	5	5
x699	5	5
x712	5	5
x768	5	5
x775	5	5
x785	5	5
x793	5	5
x812	5	5
x844	5	5
x850	5	5
x875	5	5
x877	5	5
x881	5	5
x882	5	5
x888	5	5
x908	5	5
x909	5	5
x915	5	5
x926	5	5
x953	5	5
x962	5	5
x964	5	5
x979	5	5
x981	5	5
x987	5	5
x991	5	5
x995	5	5
x999	5	5

Context: 20
X	y10	y43
x11	5	5
x27	5	5
x33	5	5
x41	5	5
x60	5	5
x82	5	5
x92	5	5
x105	5	5
x111	5	5
x117	5	5
x118	5	5
x130	5	5
x133	5	5
x141	5	5
x149	5	5
x158	5	5
x192	5	5
x199	5	5
x207	5	5
x217	5	5
x236	5	5
x238	5	5
x242	5	5
x243	5	5
x252	5	5
x267	5	5
x272	5	5
x276	5	5
x293	5	5
x298	5	5
x308	5	5
x319	5	5
x322	5	5
x330	5	5
x331	5	5
x334	5	5
x352	5	5
x355	5	5
x415	5	5
x445	5	5
x479	5	5
x484	5	5
x532	5	5
x536	5	5
x537	5	5
x545	5	5
x548	5	5
x565	5	5
x574	5	5
x576	5	5
x590	5	5
x654	5	5
x662	5	5
x663	5	5
x665	5	5
x675	5	5
x676	5	5
x691	5	5
x694	5	5
x699	5	5
x712	5	5
x768	5	5
x775	5	5
x785	5	5
x793	5	5
x812	5	5
x844	5	5
x850	5	5
x875	5	5
x877	5	5
x881	5	5
x882	5	5
x888	5	5
x908	5	5
x909	5	5
x915	5	5
x926	5	5
x953	5	5
x962	5	5
x964	5	5
x979	5	5
x981	5	5
x987	5	5
x991	5	5
x995	5	5
x999	5	5

(382, 2, 3), X=[0,1,8,11,15,16,17,24,25,30,34,37,38,39,42,43,45,49,50,56,59,60,64,72,73,74,75,79,81,84,85,87,89,96,98,99,103,106,109,115,116,118,120,121,122,124,125,127,129,130,131,133,139,141,142,144,145,151,154,156,157,159,164,165,166,167,168,169,173,175,177,178,184,188,193,205,206,207,208,209,210,213,214,216,219,223,226,227,228,231,234,236,240,241,242,244,245,246,247,248,249,252,256,257,258,260,261,265,268,269,272,274,276,277,280,283,284,288,291,292,296,299,315,318,321,322,327,330,332,334,336,339,341,343,345,346,348,349,350,351,352,353,354,355,368,375,377,378,382,390,391,392,394,395,398,400,404,406,409,414,415,416,418,420,422,432,434,436,437,440,441,443,445,447,449,452,454,455,456,459,461,462,466,467,469,470,478,479,480,484,485,491,495,502,504,507,508,511,513,514,515,516,518,519,523,524,525,526,527,529,530,533,534,535,537,539,541,546,548,550,552,553,554,557,558,563,566,568,570,572,573,577,579,580,581,582,583,584,586,587,588,595,600,601,606,608,610,611,613,617,620,622,624,626,630,631,633,645,647,649,653,654,656,659,662,669,673,677,680,684,688,691,692,698,700,701,702,704,707,709,710,711,713,714,716,718,722,724,727,729,730,733,734,738,739,742,743,745,752,756,758,761,769,775,783,784,790,792,802,803,807,809,810,812,813,814,818,826,828,831,837,844,847,852,854,858,859,864,869,870,871,872,873,875,877,879,880,881,884,885,887,889,899,900,903,906,907,909,910,911,913,920,922,923,924,926,927,928,931,933,939,942,943,944,945,946,949,953,957,958,960,963,969,970,971,973,975,976,982,985,992,995], Y=[1,22], Z=[22,23,24], RowPattern=Constant, ColumnPattern=Constant, ContextPattern=Constant, %Missings=0, %Noise=0, %Errors=0 PlaidCoherency=None

Context: 22
X	y1	y22
x0	3	3
x1	3	3
x8	3	3
x11	3	3
x15	3	3
x16	3	3
x17	3	3
x24	3	3
x25	3	3
x30	3	3
x34	3	3
x37	3	3
x38	3	3
x39	3	3
x42	3	3
x43	3	3
x45	3	3
x49	3	3
x50	3	3
x56	3	3
x59	3	3
x60	3	3
x64	3	3
x72	3	3
x73	3	3
x74	3	3
x75	3	3
x79	3	3
x81	3	3
x84	3	3
x85	3	3
x87	3	3
x89	3	3
x96	3	3
x98	3	3
x99	3	3
x103	3	3
x106	3	3
x109	3	3
x115	3	3
x116	3	3
x118	3	3
x120	3	3
x121	3	3
x122	3	3
x124	3	3
x125	3	3
x127	3	3
x129	3	3
x130	3	3
x131	3	3
x133	3	3
x139	3	3
x141	3	3
x142	3	3
x144	3	3
x145	3	3
x151	3	3
x154	3	3
x156	3	3
x157	3	3
x159	3	3
x164	3	3
x165	3	3
x166	3	3
x167	3	3
x168	3	3
x169	3	3
x173	3	3
x175	3	3
x177	3	3
x178	3	3
x184	3	3
x188	3	3
x193	3	3
x205	3	3
x206	3	3
x207	3	3
x208	3	3
x209	3	3
x210	3	3
x213	3	3
x214	3	3
x216	3	3
x219	3	3
x223	3	3
x226	3	3
x227	3	3
x228	3	3
x231	3	3
x234	3	3
x236	3	3
x240	3	3
x241	3	3
x242	3	3
x244	3	3
x245	3	3
x246	3	3
x247	3	3
x248	3	3
x249	3	3
x252	3	3
x256	3	3
x257	3	3
x258	3	3
x260	3	3
x261	3	3
x265	3	3
x268	3	3
x269	3	3
x272	3	3
x274	3	3
x276	3	3
x277	3	3
x280	3	3
x283	3	3
x284	3	3
x288	3	3
x291	3	3
x292	3	3
x296	3	3
x299	3	3
x315	3	3
x318	3	3
x321	3	3
x322	3	3
x327	3	3
x330	3	3
x332	3	3
x334	3	3
x336	3	3
x339	3	3
x341	3	3
x343	3	3
x345	3	3
x346	3	3
x348	3	3
x349	3	3
x350	3	3
x351	3	3
x352	3	3
x353	3	3
x354	3	3
x355	3	3
x368	3	3
x375	3	3
x377	3	3
x378	3	3
x382	3	3
x390	3	3
x391	3	3
x392	3	3
x394	3	3
x395	3	3
x398	3	3
x400	3	3
x404	3	3
x406	3	3
x409	3	3
x414	3	3
x415	3	3
x416	3	3
x418	3	3
x420	3	3
x422	3	3
x432	3	3
x434	3	3
x436	3	3
x437	3	3
x440	3	3
x441	3	3
x443	3	3
x445	3	3
x447	3	3
x449	3	3
x452	3	3
x454	3	3
x455	3	3
x456	3	3
x459	3	3
x461	3	3
x462	3	3
x466	3	3
x467	3	3
x469	3	3
x470	3	3
x478	3	3
x479	3	3
x480	3	3
x484	3	3
x485	3	3
x491	3	3
x495	3	3
x502	3	3
x504	3	3
x507	3	3
x508	3	3
x511	3	3
x513	3	3
x514	3	3
x515	3	3
x516	3	3
x518	3	3
x519	3	3
x523	3	3
x524	3	3
x525	3	3
x526	3	3
x527	3	3
x529	3	3
x530	3	3
x533	3	3
x534	3	3
x535	3	3
x537	3	3
x539	3	3
x541	3	3
x546	3	3
x548	3	3
x550	3	3
x552	3	3
x553	3	3
x554	3	3
x557	3	3
x558	3	3
x563	3	3
x566	3	3
x568	3	3
x570	3	3
x572	3	3
x573	3	3
x577	3	3
x579	3	3
x580	3	3
x581	3	3
x582	3	3
x583	3	3
x584	3	3
x586	3	3
x587	3	3
x588	3	3
x595	3	3
x600	3	3
x601	3	3
x606	3	3
x608	3	3
x610	3	3
x611	3	3
x613	3	3
x617	3	3
x620	3	3
x622	3	3
x624	3	3
x626	3	3
x630	3	3
x631	3	3
x633	3	3
x645	3	3
x647	3	3
x649	3	3
x653	3	3
x654	3	3
x656	3	3
x659	3	3
x662	3	3
x669	3	3
x673	3	3
x677	3	3
x680	3	3
x684	3	3
x688	3	3
x691	3	3
x692	3	3
x698	3	3
x700	3	3
x701	3	3
x702	3	3
x704	3	3
x707	3	3
x709	3	3
x710	3	3
x711	3	3
x713	3	3
x714	3	3
x716	3	3
x718	3	3
x722	3	3
x724	3	3
x727	3	3
x729	3	3
x730	3	3
x733	3	3
x734	3	3
x738	3	3
x739	3	3
x742	3	3
x743	3	3
x745	3	3
x752	3	3
x756	3	3
x758	3	3
x761	3	3
x769	3	3
x775	3	3
x783	3	3
x784	3	3
x790	3	3
x792	3	3
x802	3	3
x803	3	3
x807	3	3
x809	3	3
x810	3	3
x812	3	3
x813	3	3
x814	3	3
x818	3	3
x826	3	3
x828	3	3
x831	3	3
x837	3	3
x844	3	3
x847	3	3
x852	3	3
x854	3	3
x858	3	3
x859	3	3
x864	3	3
x869	3	3
x870	3	3
x871	3	3
x872	3	3
x873	3	3
x875	3	3
x877	3	3
x879	3	3
x880	3	3
x881	3	3
x884	3	3
x885	3	3
x887	3	3
x889	3	3
x899	3	3
x900	3	3
x903	3	3
x906	3	3
x907	3	3
x909	3	3
x910	3	3
x911	3	3
x913	3	3
x920	3	3
x922	3	3
x923	3	3
x924	3	3
x926	3	3
x927	3	3
x928	3	3
x931	3	3
x933	3	3
x939	3	3
x942	3	3
x943	3	3
x944	3	3
x945	3	3
x946	3	3
x949	3	3
x953	3	3
x957	3	3
x958	3	3
x960	3	3
x963	3	3
x969	3	3
x970	3	3
x971	3	3
x973	3	3
x975	3	3
x976	3	3
x982	3	3
x985	3	3
x992	3	3
x995	3	3

Context: 23
X	y1	y22
x0	3	3
x1	3	3
x8	3	3
x11	3	3
x15	3	3
x16	3	3
x17	3	3
x24	3	3
x25	3	3
x30	3	3
x34	3	3
x37	3	3
x38	3	3
x39	3	3
x42	3	3
x43	3	3
x45	3	3
x49	3	3
x50	3	3
x56	3	3
x59	3	3
x60	3	3
x64	3	3
x72	3	3
x73	3	3
x74	3	3
x75	3	3
x79	3	3
x81	3	3
x84	3	3
x85	3	3
x87	3	3
x89	3	3
x96	3	3
x98	3	3
x99	3	3
x103	3	3
x106	3	3
x109	3	3
x115	3	3
x116	3	3
x118	3	3
x120	3	3
x121	3	3
x122	3	3
x124	3	3
x125	3	3
x127	3	3
x129	3	3
x130	3	3
x131	3	3
x133	3	3
x139	3	3
x141	3	3
x142	3	3
x144	3	3
x145	3	3
x151	3	3
x154	3	3
x156	3	3
x157	3	3
x159	3	3
x164	3	3
x165	3	3
x166	3	3
x167	3	3
x168	3	3
x169	3	3
x173	3	3
x175	3	3
x177	3	3
x178	3	3
x184	3	3
x188	3	3
x193	3	3
x205	3	3
x206	3	3
x207	3	3
x208	3	3
x209	3	3
x210	3	3
x213	3	3
x214	3	3
x216	3	3
x219	3	3
x223	3	3
x226	3	3
x227	3	3
x228	3	3
x231	3	3
x234	3	3
x236	3	3
x240	3	3
x241	3	3
x242	3	3
x244	3	3
x245	3	3
x246	3	3
x247	3	3
x248	3	3
x249	3	3
x252	3	3
x256	3	3
x257	3	3
x258	3	3
x260	3	3
x261	3	3
x265	3	3
x268	3	3
x269	3	3
x272	3	3
x274	3	3
x276	3	3
x277	3	3
x280	3	3
x283	3	3
x284	3	3
x288	3	3
x291	3	3
x292	3	3
x296	3	3
x299	3	3
x315	3	3
x318	3	3
x321	3	3
x322	3	3
x327	3	3
x330	3	3
x332	3	3
x334	3	3
x336	3	3
x339	3	3
x341	3	3
x343	3	3
x345	3	3
x346	3	3
x348	3	3
x349	3	3
x350	3	3
x351	3	3
x352	3	3
x353	3	3
x354	3	3
x355	3	3
x368	3	3
x375	3	3
x377	3	3
x378	3	3
x382	3	3
x390	3	3
x391	3	3
x392	3	3
x394	3	3
x395	3	3
x398	3	3
x400	3	3
x404	3	3
x406	3	3
x409	3	3
x414	3	3
x415	3	3
x416	3	3
x418	3	3
x420	3	3
x422	3	3
x432	3	3
x434	3	3
x436	3	3
x437	3	3
x440	3	3
x441	3	3
x443	3	3
x445	3	3
x447	3	3
x449	3	3
x452	3	3
x454	3	3
x455	3	3
x456	3	3
x459	3	3
x461	3	3
x462	3	3
x466	3	3
x467	3	3
x469	3	3
x470	3	3
x478	3	3
x479	3	3
x480	3	3
x484	3	3
x485	3	3
x491	3	3
x495	3	3
x502	3	3
x504	3	3
x507	3	3
x508	3	3
x511	3	3
x513	3	3
x514	3	3
x515	3	3
x516	3	3
x518	3	3
x519	3	3
x523	3	3
x524	3	3
x525	3	3
x526	3	3
x527	3	3
x529	3	3
x530	3	3
x533	3	3
x534	3	3
x535	3	3
x537	3	3
x539	3	3
x541	3	3
x546	3	3
x548	3	3
x550	3	3
x552	3	3
x553	3	3
x554	3	3
x557	3	3
x558	3	3
x563	3	3
x566	3	3
x568	3	3
x570	3	3
x572	3	3
x573	3	3
x577	3	3
x579	3	3
x580	3	3
x581	3	3
x582	3	3
x583	3	3
x584	3	3
x586	3	3
x587	3	3
x588	3	3
x595	3	3
x600	3	3
x601	3	3
x606	3	3
x608	3	3
x610	3	3
x611	3	3
x613	3	3
x617	3	3
x620	3	3
x622	3	3
x624	3	3
x626	3	3
x630	3	3
x631	3	3
x633	3	3
x645	3	3
x647	3	3
x649	3	3
x653	3	3
x654	3	3
x656	3	3
x659	3	3
x662	3	3
x669	3	3
x673	3	3
x677	3	3
x680	3	3
x684	3	3
x688	3	3
x691	3	3
x692	3	3
x698	3	3
x700	3	3
x701	3	3
x702	3	3
x704	3	3
x707	3	3
x709	3	3
x710	3	3
x711	3	3
x713	3	3
x714	3	3
x716	3	3
x718	3	3
x722	3	3
x724	3	3
x727	3	3
x729	3	3
x730	3	3
x733	3	3
x734	3	3
x738	3	3
x739	3	3
x742	3	3
x743	3	3
x745	3	3
x752	3	3
x756	3	3
x758	3	3
x761	3	3
x769	3	3
x775	3	3
x783	3	3
x784	3	3
x790	3	3
x792	3	3
x802	3	3
x803	3	3
x807	3	3
x809	3	3
x810	3	3
x812	3	3
x813	3	3
x814	3	3
x818	3	3
x826	3	3
x828	3	3
x831	3	3
x837	3	3
x844	3	3
x847	3	3
x852	3	3
x854	3	3
x858	3	3
x859	3	3
x864	3	3
x869	3	3
x870	3	3
x871	3	3
x872	3	3
x873	3	3
x875	3	3
x877	3	3
x879	3	3
x880	3	3
x881	3	3
x884	3	3
x885	3	3
x887	3	3
x889	3	3
x899	3	3
x900	3	3
x903	3	3
x906	3	3
x907	3	3
x909	3	3
x910	3	3
x911	3	3
x913	3	3
x920	3	3
x922	3	3
x923	3	3
x924	3	3
x926	3	3
x927	3	3
x928	3	3
x931	3	3
x933	3	3
x939	3	3
x942	3	3
x943	3	3
x944	3	3
x945	3	3
x946	3	3
x949	3	3
x953	3	3
x957	3	3
x958	3	3
x960	3	3
x963	3	3
x969	3	3
x970	3	3
x971	3	3
x973	3	3
x975	3	3
x976	3	3
x982	3	3
x985	3	3
x992	3	3
x995	3	3

Context: 24
X	y1	y22
x0	3	3
x1	3	3
x8	3	3
x11	3	3
x15	3	3
x16	3	3
x17	3	3
x24	3	3
x25	3	3
x30	3	3
x34	3	3
x37	3	3
x38	3	3
x39	3	3
x42	3	3
x43	3	3
x45	3	3
x49	3	3
x50	3	3
x56	3	3
x59	3	3
x60	3	3
x64	3	3
x72	3	3
x73	3	3
x74	3	3
x75	3	3
x79	3	3
x81	3	3
x84	3	3
x85	3	3
x87	3	3
x89	3	3
x96	3	3
x98	3	3
x99	3	3
x103	3	3
x106	3	3
x109	3	3
x115	3	3
x116	3	3
x118	3	3
x120	3	3
x121	3	3
x122	3	3
x124	3	3
x125	3	3
x127	3	3
x129	3	3
x130	3	3
x131	3	3
x133	3	3
x139	3	3
x141	3	3
x142	3	3
x144	3	3
x145	3	3
x151	3	3
x154	3	3
x156	3	3
x157	3	3
x159	3	3
x164	3	3
x165	3	3
x166	3	3
x167	3	3
x168	3	3
x169	3	3
x173	3	3
x175	3	3
x177	3	3
x178	3	3
x184	3	3
x188	3	3
x193	3	3
x205	3	3
x206	3	3
x207	3	3
x208	3	3
x209	3	3
x210	3	3
x213	3	3
x214	3	3
x216	3	3
x219	3	3
x223	3	3
x226	3	3
x227	3	3
x228	3	3
x231	3	3
x234	3	3
x236	3	3
x240	3	3
x241	3	3
x242	3	3
x244	3	3
x245	3	3
x246	3	3
x247	3	3
x248	3	3
x249	3	3
x252	3	3
x256	3	3
x257	3	3
x258	3	3
x260	3	3
x261	3	3
x265	3	3
x268	3	3
x269	3	3
x272	3	3
x274	3	3
x276	3	3
x277	3	3
x280	3	3
x283	3	3
x284	3	3
x288	3	3
x291	3	3
x292	3	3
x296	3	3
x299	3	3
x315	3	3
x318	3	3
x321	3	3
x322	3	3
x327	3	3
x330	3	3
x332	3	3
x334	3	3
x336	3	3
x339	3	3
x341	3	3
x343	3	3
x345	3	3
x346	3	3
x348	3	3
x349	3	3
x350	3	3
x351	3	3
x352	3	3
x353	3	3
x354	3	3
x355	3	3
x368	3	3
x375	3	3
x377	3	3
x378	3	3
x382	3	3
x390	3	3
x391	3	3
x392	3	3
x394	3	3
x395	3	3
x398	3	3
x400	3	3
x404	3	3
x406	3	3
x409	3	3
x414	3	3
x415	3	3
x416	3	3
x418	3	3
x420	3	3
x422	3	3
x432	3	3
x434	3	3
x436	3	3
x437	3	3
x440	3	3
x441	3	3
x443	3	3
x445	3	3
x447	3	3
x449	3	3
x452	3	3
x454	3	3
x455	3	3
x456	3	3
x459	3	3
x461	3	3
x462	3	3
x466	3	3
x467	3	3
x469	3	3
x470	3	3
x478	3	3
x479	3	3
x480	3	3
x484	3	3
x485	3	3
x491	3	3
x495	3	3
x502	3	3
x504	3	3
x507	3	3
x508	3	3
x511	3	3
x513	3	3
x514	3	3
x515	3	3
x516	3	3
x518	3	3
x519	3	3
x523	3	3
x524	3	3
x525	3	3
x526	3	3
x527	3	3
x529	3	3
x530	3	3
x533	3	3
x534	3	3
x535	3	3
x537	3	3
x539	3	3
x541	3	3
x546	3	3
x548	3	3
x550	3	3
x552	3	3
x553	3	3
x554	3	3
x557	3	3
x558	3	3
x563	3	3
x566	3	3
x568	3	3
x570	3	3
x572	3	3
x573	3	3
x577	3	3
x579	3	3
x580	3	3
x581	3	3
x582	3	3
x583	3	3
x584	3	3
x586	3	3
x587	3	3
x588	3	3
x595	3	3
x600	3	3
x601	3	3
x606	3	3
x608	3	3
x610	3	3
x611	3	3
x613	3	3
x617	3	3
x620	3	3
x622	3	3
x624	3	3
x626	3	3
x630	3	3
x631	3	3
x633	3	3
x645	3	3
x647	3	3
x649	3	3
x653	3	3
x654	3	3
x656	3	3
x659	3	3
x662	3	3
x669	3	3
x673	3	3
x677	3	3
x680	3	3
x684	3	3
x688	3	3
x691	3	3
x692	3	3
x698	3	3
x700	3	3
x701	3	3
x702	3	3
x704	3	3
x707	3	3
x709	3	3
x710	3	3
x711	3	3
x713	3	3
x714	3	3
x716	3	3
x718	3	3
x722	3	3
x724	3	3
x727	3	3
x729	3	3
x730	3	3
x733	3	3
x734	3	3
x738	3	3
x739	3	3
x742	3	3
x743	3	3
x745	3	3
x752	3	3
x756	3	3
x758	3	3
x761	3	3
x769	3	3
x775	3	3
x783	3	3
x784	3	3
x790	3	3
x792	3	3
x802	3	3
x803	3	3
x807	3	3
x809	3	3
x810	3	3
x812	3	3
x813	3	3
x814	3	3
x818	3	3
x826	3	3
x828	3	3
x831	3	3
x837	3	3
x844	3	3
x847	3	3
x852	3	3
x854	3	3
x858	3	3
x859	3	3
x864	3	3
x869	3	3
x870	3	3
x871	3	3
x872	3	3
x873	3	3
x875	3	3
x877	3	3
x879	3	3
x880	3	3
x881	3	3
x884	3	3
x885	3	3
x887	3	3
x889	3	3
x899	3	3
x900	3	3
x903	3	3
x906	3	3
x907	3	3
x909	3	3
x910	3	3
x911	3	3
x913	3	3
x920	3	3
x922	3	3
x923	3	3
x924	3	3
x926	3	3
x927	3	3
x928	3	3
x931	3	3
x933	3	3
x939	3	3
x942	3	3
x943	3	3
x944	3	3
x945	3	3
x946	3	3
x949	3	3
x953	3	3
x957	3	3
x958	3	3
x960	3	3
x963	3	3
x969	3	3
x970	3	3
x971	3	3
x973	3	3
x975	3	3
x976	3	3
x982	3	3
x985	3	3
x992	3	3
x995	3	3

(418, 3, 2), X=[0,4,6,7,9,11,12,13,14,15,19,24,26,34,35,37,40,41,42,47,49,50,52,53,55,58,59,61,63,71,73,74,75,77,81,82,85,90,91,96,98,100,101,102,103,104,105,107,109,110,112,118,119,120,121,124,126,134,136,137,139,140,141,142,143,146,147,150,151,155,157,158,159,161,162,164,166,167,169,171,174,176,178,179,181,183,184,185,186,194,196,207,209,211,212,214,217,218,219,225,228,230,233,236,237,240,244,245,247,250,255,264,267,268,269,275,277,278,279,281,282,284,290,294,295,296,297,298,300,301,302,304,308,309,310,311,312,321,323,325,327,329,331,332,336,337,338,342,343,345,347,352,353,355,356,364,366,367,370,372,375,376,381,384,388,389,391,394,395,401,402,406,407,408,409,411,412,418,419,421,423,425,427,428,432,434,435,436,437,446,448,451,452,454,456,457,458,459,460,461,464,466,468,470,474,476,477,484,486,487,491,493,496,500,507,509,510,511,512,513,515,520,521,528,529,532,533,536,538,546,553,555,558,559,563,564,566,568,572,577,580,583,584,586,587,592,593,596,597,598,599,601,602,604,605,608,613,615,618,621,623,627,628,631,632,633,634,635,637,640,641,644,645,649,651,652,657,663,666,667,672,677,679,682,684,686,688,691,692,695,696,698,701,702,704,706,712,713,721,722,723,726,728,733,734,738,744,749,752,753,758,765,767,768,770,771,772,773,776,777,779,781,782,784,785,791,793,794,796,802,803,805,806,808,810,816,821,823,825,826,829,831,833,835,836,837,838,839,840,844,845,846,847,848,849,850,852,853,854,855,859,860,862,863,870,880,888,893,895,897,899,901,904,906,907,908,909,911,912,914,917,921,924,925,926,927,928,929,930,938,939,941,943,946,947,954,955,956,958,959,960,963,964,967,970,972,974,978,979,980,982,983,985,989,994,995,996,999], Y=[34,41,42], Z=[43,44], RowPattern=Constant, ColumnPattern=Constant, ContextPattern=Constant, %Missings=0, %Noise=0, %Errors=0 PlaidCoherency=None

Context: 43
X	y34	y41	y42
x0	5	5	5
x4	5	5	5
x6	5	5	5
x7	5	5	5
x9	5	5	5
x11	5	5	5
x12	5	5	5
x13	5	5	5
x14	5	5	5
x15	5	5	5
x19	5	5	5
x24	5	5	5
x26	5	5	5
x34	5	5	5
x35	5	5	5
x37	5	5	5
x40	5	5	5
x41	5	5	5
x42	5	5	5
x47	5	5	5
x49	5	5	5
x50	5	5	5
x52	5	5	5
x53	5	5	5
x55	5	5	5
x58	5	5	5
x59	5	5	5
x61	5	5	5
x63	5	5	5
x71	5	5	5
x73	5	5	5
x74	5	5	5
x75	5	5	5
x77	5	5	5
x81	5	5	5
x82	5	5	5
x85	5	5	5
x90	5	5	5
x91	5	5	5
x96	5	5	5
x98	5	5	5
x100	5	5	5
x101	5	5	5
x102	5	5	5
x103	5	5	5
x104	5	5	5
x105	5	5	5
x107	5	5	5
x109	5	5	5
x110	5	5	5
x112	5	5	5
x118	5	5	5
x119	5	5	5
x120	5	5	5
x121	5	5	5
x124	5	5	5
x126	5	5	5
x134	5	5	5
x136	5	5	5
x137	5	5	5
x139	5	5	5
x140	5	5	5
x141	5	5	5
x142	5	5	5
x143	5	5	5
x146	5	5	5
x147	5	5	5
x150	5	5	5
x151	5	5	5
x155	5	5	5
x157	5	5	5
x158	5	5	5
x159	5	5	5
x161	5	5	5
x162	5	5	5
x164	5	5	5
x166	5	5	5
x167	5	5	5
x169	5	5	5
x171	5	5	5
x174	5	5	5
x176	5	5	5
x178	5	5	5
x179	5	5	5
x181	5	5	5
x183	5	5	5
x184	5	5	5
x185	5	5	5
x186	5	5	5
x194	5	5	5
x196	5	5	5
x207	5	5	5
x209	5	5	5
x211	5	5	5
x212	5	5	5
x214	5	5	5
x217	5	5	5
x218	5	5	5
x219	5	5	5
x225	5	5	5
x228	5	5	5
x230	5	5	5
x233	5	5	5
x236	5	5	5
x237	5	5	5
x240	5	5	5
x244	5	5	5
x245	5	5	5
x247	5	5	5
x250	5	5	5
x255	5	5	5
x264	5	5	5
x267	5	5	5
x268	5	5	5
x269	5	5	5
x275	5	5	5
x277	5	5	5
x278	5	5	5
x279	5	5	5
x281	5	5	5
x282	5	5	5
x284	5	5	5
x290	5	5	5
x294	5	5	5
x295	5	5	5
x296	5	5	5
x297	5	5	5
x298	5	5	5
x300	5	5	5
x301	5	5	5
x302	5	5	5
x304	5	5	5
x308	5	5	5
x309	5	5	5
x310	5	5	5
x311	5	5	5
x312	5	5	5
x321	5	5	5
x323	5	5	5
x325	5	5	5
x327	5	5	5
x329	5	5	5
x331	5	5	5
x332	5	5	5
x336	5	5	5
x337	5	5	5
x338	5	5	5
x342	5	5	5
x343	5	5	5
x345	5	5	5
x347	5	5	5
x352	5	5	5
x353	5	5	5
x355	5	5	5
x356	5	5	5
x364	5	5	5
x366	5	5	5
x367	5	5	5
x370	5	5	5
x372	5	5	5
x375	5	5	5
x376	5	5	5
x381	5	5	5
x384	5	5	5
x388	5	5	5
x389	5	5	5
x391	5	5	5
x394	5	5	5
x395	5	5	5
x401	5	5	5
x402	5	5	5
x406	5	5	5
x407	5	5	5
x408	5	5	5
x409	5	5	5
x411	5	5	5
x412	5	5	5
x418	5	5	5
x419	5	5	5
x421	5	5	5
x423	5	5	5
x425	5	5	5
x427	5	5	5
x428	5	5	5
x432	5	5	5
x434	5	5	5
x435	5	5	5
x436	5	5	5
x437	5	5	5
x446	5	5	5
x448	5	5	5
x451	5	5	5
x452	5	5	5
x454	5	5	5
x456	5	5	5
x457	5	5	5
x458	5	5	5
x459	5	5	5
x460	5	5	5
x461	5	5	5
x464	5	5	5
x466	5	5	5
x468	5	5	5
x470	5	5	5
x474	5	5	5
x476	5	5	5
x477	5	5	5
x484	5	5	5
x486	5	5	5
x487	5	5	5
x491	5	5	5
x493	5	5	5
x496	5	5	5
x500	5	5	5
x507	5	5	5
x509	5	5	5
x510	5	5	5
x511	5	5	5
x512	5	5	5
x513	5	5	5
x515	5	5	5
x520	5	5	5
x521	5	5	5
x528	5	5	5
x529	5	5	5
x532	5	5	5
x533	5	5	5
x536	5	5	5
x538	5	5	5
x546	5	5	5
x553	5	5	5
x555	5	5	5
x558	5	5	5
x559	5	5	5
x563	5	5	5
x564	5	5	5
x566	5	5	5
x568	5	5	5
x572	5	5	5
x577	5	5	5
x580	5	5	5
x583	5	5	5
x584	5	5	5
x586	5	5	5
x587	5	5	5
x592	5	5	5
x593	5	5	5
x596	5	5	5
x597	5	5	5
x598	5	5	5
x599	5	5	5
x601	5	5	5
x602	5	5	5
x604	5	5	5
x605	5	5	5
x608	5	5	5
x613	5	5	5
x615	5	5	5
x618	5	5	5
x621	5	5	5
x623	5	5	5
x627	5	5	5
x628	5	5	5
x631	5	5	5
x632	5	5	5
x633	5	5	5
x634	5	5	5
x635	5	5	5
x637	5	5	5
x640	5	5	5
x641	5	5	5
x644	5	5	5
x645	5	5	5
x649	5	5	5
x651	5	5	5
x652	5	5	5
x657	5	5	5
x663	5	5	5
x666	5	5	5
x667	5	5	5
x672	5	5	5
x677	5	5	5
x679	5	5	5
x682	5	5	5
x684	5	5	5
x686	5	5	5
x688	5	5	5
x691	5	5	5
x692	5	5	5
x695	5	5	5
x696	5	5	5
x698	5	5	5
x701	5	5	5
x702	5	5	5
x704	5	5	5
x706	5	5	5
x712	5	5	5
x713	5	5	5
x721	5	5	5
x722	5	5	5
x723	5	5	5
x726	5	5	5
x728	5	5	5
x733	5	5	5
x734	5	5	5
x738	5	5	5
x744	5	5	5
x749	5	5	5
x752	5	5	5
x753	5	5	5
x758	5	5	5
x765	5	5	5
x767	5	5	5
x768	5	5	5
x770	5	5	5
x771	5	5	5
x772	5	5	5
x773	5	5	5
x776	5	5	5
x777	5	5	5
x779	5	5	5
x781	5	5	5
x782	5	5	5
x784	5	5	5
x785	5	5	5
x791	5	5	5
x793	5	5	5
x794	5	5	5
x796	5	5	5
x802	5	5	5
x803	5	5	5
x805	5	5	5
x806	5	5	5
x808	5	5	5
x810	5	5	5
x816	5	5	5
x821	5	5	5
x823	5	5	5
x825	5	5	5
x826	5	5	5
x829	5	5	5
x831	5	5	5
x833	5	5	5
x835	5	5	5
x836	5	5	5
x837	5	5	5
x838	5	5	5
x839	5	5	5
x840	5	5	5
x844	5	5	5
x845	5	5	5
x846	5	5	5
x847	5	5	5
x848	5	5	5
x849	5	5	5
x850	5	5	5
x852	5	5	5
x853	5	5	5
x854	5	5	5
x855	5	5	5
x859	5	5	5
x860	5	5	5
x862	5	5	5
x863	5	5	5
x870	5	5	5
x880	5	5	5
x888	5	5	5
x893	5	5	5
x895	5	5	5
x897	5	5	5
x899	5	5	5
x901	5	5	5
x904	5	5	5
x906	5	5	5
x907	5	5	5
x908	5	5	5
x909	5	5	5
x911	5	5	5
x912	5	5	5
x914	5	5	5
x917	5	5	5
x921	5	5	5
x924	5	5	5
x925	5	5	5
x926	5	5	5
x927	5	5	5
x928	5	5	5
x929	5	5	5
x930	5	5	5
x938	5	5	5
x939	5	5	5
x941	5	5	5
x943	5	5	5
x946	5	5	5
x947	5	5	5
x954	5	5	5
x955	5	5	5
x956	5	5	5
x958	5	5	5
x959	5	5	5
x960	5	5	5
x963	5	5	5
x964	5	5	5
x967	5	5	5
x970	5	5	5
x972	5	5	5
x974	5	5	5
x978	5	5	5
x979	5	5	5
x980	5	5	5
x982	5	5	5
x983	5	5	5
x985	5	5	5
x989	5	5	5
x994	5	5	5
x995	5	5	5
x996	5	5	5
x999	5	5	5

Context: 44
X	y34	y41	y42
x0	5	5	5
x4	5	5	5
x6	5	5	5
x7	5	5	5
x9	5	5	5
x11	5	5	5
x12	5	5	5
x13	5	5	5
x14	5	5	5
x15	5	5	5
x19	5	5	5
x24	5	5	5
x26	5	5	5
x34	5	5	5
x35	5	5	5
x37	5	5	5
x40	5	5	5
x41	5	5	5
x42	5	5	5
x47	5	5	5
x49	5	5	5
x50	5	5	5
x52	5	5	5
x53	5	5	5
x55	5	5	5
x58	5	5	5
x59	5	5	5
x61	5	5	5
x63	5	5	5
x71	5	5	5
x73	5	5	5
x74	5	5	5
x75	5	5	5
x77	5	5	5
x81	5	5	5
x82	5	5	5
x85	5	5	5
x90	5	5	5
x91	5	5	5
x96	5	5	5
x98	5	5	5
x100	5	5	5
x101	5	5	5
x102	5	5	5
x103	5	5	5
x104	5	5	5
x105	5	5	5
x107	5	5	5
x109	5	5	5
x110	5	5	5
x112	5	5	5
x118	5	5	5
x119	5	5	5
x120	5	5	5
x121	5	5	5
x124	5	5	5
x126	5	5	5
x134	5	5	5
x136	5	5	5
x137	5	5	5
x139	5	5	5
x140	5	5	5
x141	5	5	5
x142	5	5	5
x143	5	5	5
x146	5	5	5
x147	5	5	5
x150	5	5	5
x151	5	5	5
x155	5	5	5
x157	5	5	5
x158	5	5	5
x159	5	5	5
x161	5	5	5
x162	5	5	5
x164	5	5	5
x166	5	5	5
x167	5	5	5
x169	5	5	5
x171	5	5	5
x174	5	5	5
x176	5	5	5
x178	5	5	5
x179	5	5	5
x181	5	5	5
x183	5	5	5
x184	5	5	5
x185	5	5	5
x186	5	5	5
x194	5	5	5
x196	5	5	5
x207	5	5	5
x209	5	5	5
x211	5	5	5
x212	5	5	5
x214	5	5	5
x217	5	5	5
x218	5	5	5
x219	5	5	5
x225	5	5	5
x228	5	5	5
x230	5	5	5
x233	5	5	5
x236	5	5	5
x237	5	5	5
x240	5	5	5
x244	5	5	5
x245	5	5	5
x247	5	5	5
x250	5	5	5
x255	5	5	5
x264	5	5	5
x267	5	5	5
x268	5	5	5
x269	5	5	5
x275	5	5	5
x277	5	5	5
x278	5	5	5
x279	5	5	5
x281	5	5	5
x282	5	5	5
x284	5	5	5
x290	5	5	5
x294	5	5	5
x295	5	5	5
x296	5	5	5
x297	5	5	5
x298	5	5	5
x300	5	5	5
x301	5	5	5
x302	5	5	5
x304	5	5	5
x308	5	5	5
x309	5	5	5
x310	5	5	5
x311	5	5	5
x312	5	5	5
x321	5	5	5
x323	5	5	5
x325	5	5	5
x327	5	5	5
x329	5	5	5
x331	5	5	5
x332	5	5	5
x336	5	5	5
x337	5	5	5
x338	5	5	5
x342	5	5	5
x343	5	5	5
x345	5	5	5
x347	5	5	5
x352	5	5	5
x353	5	5	5
x355	5	5	5
x356	5	5	5
x364	5	5	5
x366	5	5	5
x367	5	5	5
x370	5	5	5
x372	5	5	5
x375	5	5	5
x376	5	5	5
x381	5	5	5
x384	5	5	5
x388	5	5	5
x389	5	5	5
x391	5	5	5
x394	5	5	5
x395	5	5	5
x401	5	5	5
x402	5	5	5
x406	5	5	5
x407	5	5	5
x408	5	5	5
x409	5	5	5
x411	5	5	5
x412	5	5	5
x418	5	5	5
x419	5	5	5
x421	5	5	5
x423	5	5	5
x425	5	5	5
x427	5	5	5
x428	5	5	5
x432	5	5	5
x434	5	5	5
x435	5	5	5
x436	5	5	5
x437	5	5	5
x446	5	5	5
x448	5	5	5
x451	5	5	5
x452	5	5	5
x454	5	5	5
x456	5	5	5
x457	5	5	5
x458	5	5	5
x459	5	5	5
x460	5	5	5
x461	5	5	5
x464	5	5	5
x466	5	5	5
x468	5	5	5
x470	5	5	5
x474	5	5	5
x476	5	5	5
x477	5	5	5
x484	5	5	5
x486	5	5	5
x487	5	5	5
x491	5	5	5
x493	5	5	5
x496	5	5	5
x500	5	5	5
x507	5	5	5
x509	5	5	5
x510	5	5	5
x511	5	5	5
x512	5	5	5
x513	5	5	5
x515	5	5	5
x520	5	5	5
x521	5	5	5
x528	5	5	5
x529	5	5	5
x532	5	5	5
x533	5	5	5
x536	5	5	5
x538	5	5	5
x546	5	5	5
x553	5	5	5
x555	5	5	5
x558	5	5	5
x559	5	5	5
x563	5	5	5
x564	5	5	5
x566	5	5	5
x568	5	5	5
x572	5	5	5
x577	5	5	5
x580	5	5	5
x583	5	5	5
x584	5	5	5
x586	5	5	5
x587	5	5	5
x592	5	5	5
x593	5	5	5
x596	5	5	5
x597	5	5	5
x598	5	5	5
x599	5	5	5
x601	5	5	5
x602	5	5	5
x604	5	5	5
x605	5	5	5
x608	5	5	5
x613	5	5	5
x615	5	5	5
x618	5	5	5
x621	5	5	5
x623	5	5	5
x627	5	5	5
x628	5	5	5
x631	5	5	5
x632	5	5	5
x633	5	5	5
x634	5	5	5
x635	5	5	5
x637	5	5	5
x640	5	5	5
x641	5	5	5
x644	5	5	5
x645	5	5	5
x649	5	5	5
x651	5	5	5
x652	5	5	5
x657	5	5	5
x663	5	5	5
x666	5	5	5
x667	5	5	5
x672	5	5	5
x677	5	5	5
x679	5	5	5
x682	5	5	5
x684	5	5	5
x686	5	5	5
x688	5	5	5
x691	5	5	5
x692	5	5	5
x695	5	5	5
x696	5	5	5
x698	5	5	5
x701	5	5	5
x702	5	5	5
x704	5	5	5
x706	5	5	5
x712	5	5	5
x713	5	5	5
x721	5	5	5
x722	5	5	5
x723	5	5	5
x726	5	5	5
x728	5	5	5
x733	5	5	5
x734	5	5	5
x738	5	5	5
x744	5	5	5
x749	5	5	5
x752	5	5	5
x753	5	5	5
x758	5	5	5
x765	5	5	5
x767	5	5	5
x768	5	5	5
x770	5	5	5
x771	5	5	5
x772	5	5	5
x773	5	5	5
x776	5	5	5
x777	5	5	5
x779	5	5	5
x781	5	5	5
x782	5	5	5
x784	5	5	5
x785	5	5	5
x791	5	5	5
x793	5	5	5
x794	5	5	5
x796	5	5	5
x802	5	5	5
x803	5	5	5
x805	5	5	5
x806	5	5	5
x808	5	5	5
x810	5	5	5
x816	5	5	5
x821	5	5	5
x823	5	5	5
x825	5	5	5
x826	5	5	5
x829	5	5	5
x831	5	5	5
x833	5	5	5
x835	5	5	5
x836	5	5	5
x837	5	5	5
x838	5	5	5
x839	5	5	5
x840	5	5	5
x844	5	5	5
x845	5	5	5
x846	5	5	5
x847	5	5	5
x848	5	5	5
x849	5	5	5
x850	5	5	5
x852	5	5	5
x853	5	5	5
x854	5	5	5
x855	5	5	5
x859	5	5	5
x860	5	5	5
x862	5	5	5
x863	5	5	5
x870	5	5	5
x880	5	5	5
x888	5	5	5
x893	5	5	5
x895	5	5	5
x897	5	5	5
x899	5	5	5
x901	5	5	5
x904	5	5	5
x906	5	5	5
x907	5	5	5
x908	5	5	5
x909	5	5	5
x911	5	5	5
x912	5	5	5
x914	5	5	5
x917	5	5	5
x921	5	5	5
x924	5	5	5
x925	5	5	5
x926	5	5	5
x927	5	5	5
x928	5	5	5
x929	5	5	5
x930	5	5	5
x938	5	5	5
x939	5	5	5
x941	5	5	5
x943	5	5	5
x946	5	5	5
x947	5	5	5
x954	5	5	5
x955	5	5	5
x956	5	5	5
x958	5	5	5
x959	5	5	5
x960	5	5	5
x963	5	5	5
x964	5	5	5
x967	5	5	5
x970	5	5	5
x972	5	5	5
x974	5	5	5
x978	5	5	5
x979	5	5	5
x980	5	5	5
x982	5	5	5
x983	5	5	5
x985	5	5	5
x989	5	5	5
x994	5	5	5
x995	5	5	5
x996	5	5	5
x999	5	5	5

(324, 3, 3), X=[0,1,11,17,18,35,39,40,41,43,44,46,50,53,56,60,65,67,68,73,78,79,80,82,83,84,88,89,90,93,95,96,97,100,101,104,108,109,110,113,115,126,127,128,131,135,136,139,140,150,153,154,158,160,162,164,165,168,174,178,179,181,183,184,186,187,189,191,197,205,210,214,217,218,221,226,227,231,232,242,243,246,248,250,251,252,255,257,267,269,274,284,285,296,297,307,309,317,318,323,324,325,328,329,330,335,338,339,341,344,345,349,350,352,354,356,359,361,362,365,366,368,372,376,383,384,385,386,388,389,390,392,394,396,397,398,400,402,406,407,413,414,424,430,433,438,439,440,441,442,443,444,445,448,449,450,451,456,459,462,466,473,477,481,493,495,496,499,502,504,505,506,507,511,512,513,514,515,516,519,522,524,525,529,531,533,537,538,543,546,548,549,556,557,566,569,574,576,578,580,582,589,595,597,601,606,607,611,612,621,622,628,630,635,639,649,651,653,654,655,656,657,663,666,670,672,676,680,681,682,683,688,692,693,694,695,698,700,703,705,707,710,715,720,721,723,724,727,728,729,738,739,740,748,751,753,757,761,765,766,768,773,776,778,779,789,790,797,799,804,805,808,812,823,829,830,831,837,844,845,846,847,857,862,863,865,867,869,872,873,874,877,883,884,887,888,890,899,902,903,905,909,912,920,923,927,930,933,936,943,950,955,956,959,960,962,963,964,966,967,981,990,998,999], Y=[14,17,33], Z=[0,1,2], RowPattern=Constant, ColumnPattern=Constant, ContextPattern=Constant, %Missings=0, %Noise=0, %Errors=0 PlaidCoherency=None

Context: 0
X	y14	y17	y33
x0	0	0	0
x1	0	0	0
x11	0	0	0
x17	0	0	0
x18	0	0	0
x35	0	0	0
x39	0	0	0
x40	0	0	0
x41	0	0	0
x43	0	0	0
x44	0	0	0
x46	0	0	0
x50	0	0	0
x53	0	0	0
x56	0	0	0
x60	0	0	0
x65	0	0	0
x67	0	0	0
x68	0	0	0
x73	0	0	0
x78	0	0	0
x79	0	0	0
x80	0	0	0
x82	0	0	0
x83	0	0	0
x84	0	0	0
x88	0	0	0
x89	0	0	0
x90	0	0	0
x93	0	0	0
x95	0	0	0
x96	0	0	0
x97	0	0	0
x100	0	0	0
x101	0	0	0
x104	0	0	0
x108	0	0	0
x109	0	0	0
x110	0	0	0
x113	0	0	0
x115	0	0	0
x126	0	0	0
x127	0	0	0
x128	0	0	0
x131	0	0	0
x135	0	0	0
x136	0	0	0
x139	0	0	0
x140	0	0	0
x150	0	0	0
x153	0	0	0
x154	0	0	0
x158	0	0	0
x160	0	0	0
x162	0	0	0
x164	0	0	0
x165	0	0	0
x168	0	0	0
x174	0	0	0
x178	0	0	0
x179	0	0	0
x181	0	0	0
x183	0	0	0
x184	0	0	0
x186	0	0	0
x187	0	0	0
x189	0	0	0
x191	0	0	0
x197	0	0	0
x205	0	0	0
x210	0	0	0
x214	0	0	0
x217	0	0	0
x218	0	0	0
x221	0	0	0
x226	0	0	0
x227	0	0	0
x231	0	0	0
x232	0	0	0
x242	0	0	0
x243	0	0	0
x246	0	0	0
x248	0	0	0
x250	0	0	0
x251	0	0	0
x252	0	0	0
x255	0	0	0
x257	0	0	0
x267	0	0	0
x269	0	0	0
x274	0	0	0
x284	0	0	0
x285	0	0	0
x296	0	0	0
x297	0	0	0
x307	0	0	0
x309	0	0	0
x317	0	0	0
x318	0	0	0
x323	0	0	0
x324	0	0	0
x325	0	0	0
x328	0	0	0
x329	0	0	0
x330	0	0	0
x335	0	0	0
x338	0	0	0
x339	0	0	0
x341	0	0	0
x344	0	0	0
x345	0	0	0
x349	0	0	0
x350	0	0	0
x352	0	0	0
x354	0	0	0
x356	0	0	0
x359	0	0	0
x361	0	0	0
x362	0	0	0
x365	0	0	0
x366	0	0	0
x368	0	0	0
x372	0	0	0
x376	0	0	0
x383	0	0	0
x384	0	0	0
x385	0	0	0
x386	0	0	0
x388	0	0	0
x389	0	0	0
x390	0	0	0
x392	0	0	0
x394	0	0	0
x396	0	0	0
x397	0	0	0
x398	0	0	0
x400	0	0	0
x402	0	0	0
x406	0	0	0
x407	0	0	0
x413	0	0	0
x414	0	0	0
x424	0	0	0
x430	0	0	0
x433	0	0	0
x438	0	0	0
x439	0	0	0
x440	0	0	0
x441	0	0	0
x442	0	0	0
x443	0	0	0
x444	0	0	0
x445	0	0	0
x448	0	0	0
x449	0	0	0
x450	0	0	0
x451	0	0	0
x456	0	0	0
x459	0	0	0
x462	0	0	0
x466	0	0	0
x473	0	0	0
x477	0	0	0
x481	0	0	0
x493	0	0	0
x495	0	0	0
x496	0	0	0
x499	0	0	0
x502	0	0	0
x504	0	0	0
x505	0	0	0
x506	0	0	0
x507	0	0	0
x511	0	0	0
x512	0	0	0
x513	0	0	0
x514	0	0	0
x515	0	0	0
x516	0	0	0
x519	0	0	0
x522	0	0	0
x524	0	0	0
x525	0	0	0
x529	0	0	0
x531	0	0	0
x533	0	0	0
x537	0	0	0
x538	0	0	0
x543	0	0	0
x546	0	0	0
x548	0	0	0
x549	0	0	0
x556	0	0	0
x557	0	0	0
x566	0	0	0
x569	0	0	0
x574	0	0	0
x576	0	0	0
x578	0	0	0
x580	0	0	0
x582	0	0	0
x589	0	0	0
x595	0	0	0
x597	0	0	0
x601	0	0	0
x606	0	0	0
x607	0	0	0
x611	0	0	0
x612	0	0	0
x621	0	0	0
x622	0	0	0
x628	0	0	0
x630	0	0	0
x635	0	0	0
x639	0	0	0
x649	0	0	0
x651	0	0	0
x653	0	0	0
x654	0	0	0
x655	0	0	0
x656	0	0	0
x657	0	0	0
x663	0	0	0
x666	0	0	0
x670	0	0	0
x672	0	0	0
x676	0	0	0
x680	0	0	0
x681	0	0	0
x682	0	0	0
x683	0	0	0
x688	0	0	0
x692	0	0	0
x693	0	0	0
x694	0	0	0
x695	0	0	0
x698	0	0	0
x700	0	0	0
x703	0	0	0
x705	0	0	0
x707	0	0	0
x710	0	0	0
x715	0	0	0
x720	0	0	0
x721	0	0	0
x723	0	0	0
x724	0	0	0
x727	0	0	0
x728	0	0	0
x729	0	0	0
x738	0	0	0
x739	0	0	0
x740	0	0	0
x748	0	0	0
x751	0	0	0
x753	0	0	0
x757	0	0	0
x761	0	0	0
x765	0	0	0
x766	0	0	0
x768	0	0	0
x773	0	0	0
x776	0	0	0
x778	0	0	0
x779	0	0	0
x789	0	0	0
x790	0	0	0
x797	0	0	0
x799	0	0	0
x804	0	0	0
x805	0	0	0
x808	0	0	0
x812	0	0	0
x823	0	0	0
x829	0	0	0
x830	0	0	0
x831	0	0	0
x837	0	0	0
x844	0	0	0
x845	0	0	0
x846	0	0	0
x847	0	0	0
x857	0	0	0
x862	0	0	0
x863	0	0	0
x865	0	0	0
x867	0	0	0
x869	0	0	0
x872	0	0	0
x873	0	0	0
x874	0	0	0
x877	0	0	0
x883	0	0	0
x884	0	0	0
x887	0	0	0
x888	0	0	0
x890	0	0	0
x899	0	0	0
x902	0	0	0
x903	0	0	0
x905	0	0	0
x909	0	0	0
x912	0	0	0
x920	0	0	0
x923	0	0	0
x927	0	0	0
x930	0	0	0
x933	0	0	0
x936	0	0	0
x943	0	0	0
x950	0	0	0
x955	0	0	0
x956	0	0	0
x959	0	0	0
x960	0	0	0
x962	0	0	0
x963	0	0	0
x964	0	0	0
x966	0	0	0
x967	0	0	0
x981	0	0	0
x990	0	0	0
x998	0	0	0
x999	0	0	0

Context: 1
X	y14	y17	y33
x0	0	0	0
x1	0	0	0
x11	0	0	0
x17	0	0	0
x18	0	0	0
x35	0	0	0
x39	0	0	0
x40	0	0	0
x41	0	0	0
x43	0	0	0
x44	0	0	0
x46	0	0	0
x50	0	0	0
x53	0	0	0
x56	0	0	0
x60	0	0	0
x65	0	0	0
x67	0	0	0
x68	0	0	0
x73	0	0	0
x78	0	0	0
x79	0	0	0
x80	0	0	0
x82	0	0	0
x83	0	0	0
x84	0	0	0
x88	0	0	0
x89	0	0	0
x90	0	0	0
x93	0	0	0
x95	0	0	0
x96	0	0	0
x97	0	0	0
x100	0	0	0
x101	0	0	0
x104	0	0	0
x108	0	0	0
x109	0	0	0
x110	0	0	0
x113	0	0	0
x115	0	0	0
x126	0	0	0
x127	0	0	0
x128	0	0	0
x131	0	0	0
x135	0	0	0
x136	0	0	0
x139	0	0	0
x140	0	0	0
x150	0	0	0
x153	0	0	0
x154	0	0	0
x158	0	0	0
x160	0	0	0
x162	0	0	0
x164	0	0	0
x165	0	0	0
x168	0	0	0
x174	0	0	0
x178	0	0	0
x179	0	0	0
x181	0	0	0
x183	0	0	0
x184	0	0	0
x186	0	0	0
x187	0	0	0
x189	0	0	0
x191	0	0	0
x197	0	0	0
x205	0	0	0
x210	0	0	0
x214	0	0	0
x217	0	0	0
x218	0	0	0
x221	0	0	0
x226	0	0	0
x227	0	0	0
x231	0	0	0
x232	0	0	0
x242	0	0	0
x243	0	0	0
x246	0	0	0
x248	0	0	0
x250	0	0	0
x251	0	0	0
x252	0	0	0
x255	0	0	0
x257	0	0	0
x267	0	0	0
x269	0	0	0
x274	0	0	0
x284	0	0	0
x285	0	0	0
x296	0	0	0
x297	0	0	0
x307	0	0	0
x309	0	0	0
x317	0	0	0
x318	0	0	0
x323	0	0	0
x324	0	0	0
x325	0	0	0
x328	0	0	0
x329	0	0	0
x330	0	0	0
x335	0	0	0
x338	0	0	0
x339	0	0	0
x341	0	0	0
x344	0	0	0
x345	0	0	0
x349	0	0	0
x350	0	0	0
x352	0	0	0
x354	0	0	0
x356	0	0	0
x359	0	0	0
x361	0	0	0
x362	0	0	0
x365	0	0	0
x366	0	0	0
x368	0	0	0
x372	0	0	0
x376	0	0	0
x383	0	0	0
x384	0	0	0
x385	0	0	0
x386	0	0	0
x388	0	0	0
x389	0	0	0
x390	0	0	0
x392	0	0	0
x394	0	0	0
x396	0	0	0
x397	0	0	0
x398	0	0	0
x400	0	0	0
x402	0	0	0
x406	0	0	0
x407	0	0	0
x413	0	0	0
x414	0	0	0
x424	0	0	0
x430	0	0	0
x433	0	0	0
x438	0	0	0
x439	0	0	0
x440	0	0	0
x441	0	0	0
x442	0	0	0
x443	0	0	0
x444	0	0	0
x445	0	0	0
x448	0	0	0
x449	0	0	0
x450	0	0	0
x451	0	0	0
x456	0	0	0
x459	0	0	0
x462	0	0	0
x466	0	0	0
x473	0	0	0
x477	0	0	0
x481	0	0	0
x493	0	0	0
x495	0	0	0
x496	0	0	0
x499	0	0	0
x502	0	0	0
x504	0	0	0
x505	0	0	0
x506	0	0	0
x507	0	0	0
x511	0	0	0
x512	0	0	0
x513	0	0	0
x514	0	0	0
x515	0	0	0
x516	0	0	0
x519	0	0	0
x522	0	0	0
x524	0	0	0
x525	0	0	0
x529	0	0	0
x531	0	0	0
x533	0	0	0
x537	0	0	0
x538	0	0	0
x543	0	0	0
x546	0	0	0
x548	0	0	0
x549	0	0	0
x556	0	0	0
x557	0	0	0
x566	0	0	0
x569	0	0	0
x574	0	0	0
x576	0	0	0
x578	0	0	0
x580	0	0	0
x582	0	0	0
x589	0	0	0
x595	0	0	0
x597	0	0	0
x601	0	0	0
x606	0	0	0
x607	0	0	0
x611	0	0	0
x612	0	0	0
x621	0	0	0
x622	0	0	0
x628	0	0	0
x630	0	0	0
x635	0	0	0
x639	0	0	0
x649	0	0	0
x651	0	0	0
x653	0	0	0
x654	0	0	0
x655	0	0	0
x656	0	0	0
x657	0	0	0
x663	0	0	0
x666	0	0	0
x670	0	0	0
x672	0	0	0
x676	0	0	0
x680	0	0	0
x681	0	0	0
x682	0	0	0
x683	0	0	0
x688	0	0	0
x692	0	0	0
x693	0	0	0
x694	0	0	0
x695	0	0	0
x698	0	0	0
x700	0	0	0
x703	0	0	0
x705	0	0	0
x707	0	0	0
x710	0	0	0
x715	0	0	0
x720	0	0	0
x721	0	0	0
x723	0	0	0
x724	0	0	0
x727	0	0	0
x728	0	0	0
x729	0	0	0
x738	0	0	0
x739	0	0	0
x740	0	0	0
x748	0	0	0
x751	0	0	0
x753	0	0	0
x757	0	0	0
x761	0	0	0
x765	0	0	0
x766	0	0	0
x768	0	0	0
x773	0	0	0
x776	0	0	0
x778	0	0	0
x779	0	0	0
x789	0	0	0
x790	0	0	0
x797	0	0	0
x799	0	0	0
x804	0	0	0
x805	0	0	0
x808	0	0	0
x812	0	0	0
x823	0	0	0
x829	0	0	0
x830	0	0	0
x831	0	0	0
x837	0	0	0
x844	0	0	0
x845	0	0	0
x846	0	0	0
x847	0	0	0
x857	0	0	0
x862	0	0	0
x863	0	0	0
x865	0	0	0
x867	0	0	0
x869	0	0	0
x872	0	0	0
x873	0	0	0
x874	0	0	0
x877	0	0	0
x883	0	0	0
x884	0	0	0
x887	0	0	0
x888	0	0	0
x890	0	0	0
x899	0	0	0
x902	0	0	0
x903	0	0	0
x905	0	0	0
x909	0	0	0
x912	0	0	0
x920	0	0	0
x923	0	0	0
x927	0	0	0
x930	0	0	0
x933	0	0	0
x936	0	0	0
x943	0	0	0
x950	0	0	0
x955	0	0	0
x956	0	0	0
x959	0	0	0
x960	0	0	0
x962	0	0	0
x963	0	0	0
x964	0	0	0
x966	0	0	0
x967	0	0	0
x981	0	0	0
x990	0	0	0
x998	0	0	0
x999	0	0	0

Context: 2
X	y14	y17	y33
x0	0	0	0
x1	0	0	0
x11	0	0	0
x17	0	0	0
x18	0	0	0
x35	0	0	0
x39	0	0	0
x40	0	0	0
x41	0	0	0
x43	0	0	0
x44	0	0	0
x46	0	0	0
x50	0	0	0
x53	0	0	0
x56	0	0	0
x60	0	0	0
x65	0	0	0
x67	0	0	0
x68	0	0	0
x73	0	0	0
x78	0	0	0
x79	0	0	0
x80	0	0	0
x82	0	0	0
x83	0	0	0
x84	0	0	0
x88	0	0	0
x89	0	0	0
x90	0	0	0
x93	0	0	0
x95	0	0	0
x96	0	0	0
x97	0	0	0
x100	0	0	0
x101	0	0	0
x104	0	0	0
x108	0	0	0
x109	0	0	0
x110	0	0	0
x113	0	0	0
x115	0	0	0
x126	0	0	0
x127	0	0	0
x128	0	0	0
x131	0	0	0
x135	0	0	0
x136	0	0	0
x139	0	0	0
x140	0	0	0
x150	0	0	0
x153	0	0	0
x154	0	0	0
x158	0	0	0
x160	0	0	0
x162	0	0	0
x164	0	0	0
x165	0	0	0
x168	0	0	0
x174	0	0	0
x178	0	0	0
x179	0	0	0
x181	0	0	0
x183	0	0	0
x184	0	0	0
x186	0	0	0
x187	0	0	0
x189	0	0	0
x191	0	0	0
x197	0	0	0
x205	0	0	0
x210	0	0	0
x214	0	0	0
x217	0	0	0
x218	0	0	0
x221	0	0	0
x226	0	0	0
x227	0	0	0
x231	0	0	0
x232	0	0	0
x242	0	0	0
x243	0	0	0
x246	0	0	0
x248	0	0	0
x250	0	0	0
x251	0	0	0
x252	0	0	0
x255	0	0	0
x257	0	0	0
x267	0	0	0
x269	0	0	0
x274	0	0	0
x284	0	0	0
x285	0	0	0
x296	0	0	0
x297	0	0	0
x307	0	0	0
x309	0	0	0
x317	0	0	0
x318	0	0	0
x323	0	0	0
x324	0	0	0
x325	0	0	0
x328	0	0	0
x329	0	0	0
x330	0	0	0
x335	0	0	0
x338	0	0	0
x339	0	0	0
x341	0	0	0
x344	0	0	0
x345	0	0	0
x349	0	0	0
x350	0	0	0
x352	0	0	0
x354	0	0	0
x356	0	0	0
x359	0	0	0
x361	0	0	0
x362	0	0	0
x365	0	0	0
x366	0	0	0
x368	0	0	0
x372	0	0	0
x376	0	0	0
x383	0	0	0
x384	0	0	0
x385	0	0	0
x386	0	0	0
x388	0	0	0
x389	0	0	0
x390	0	0	0
x392	0	0	0
x394	0	0	0
x396	0	0	0
x397	0	0	0
x398	0	0	0
x400	0	0	0
x402	0	0	0
x406	0	0	0
x407	0	0	0
x413	0	0	0
x414	0	0	0
x424	0	0	0
x430	0	0	0
x433	0	0	0
x438	0	0	0
x439	0	0	0
x440	0	0	0
x441	0	0	0
x442	0	0	0
x443	0	0	0
x444	0	0	0
x445	0	0	0
x448	0	0	0
x449	0	0	0
x450	0	0	0
x451	0	0	0
x456	0	0	0
x459	0	0	0
x462	0	0	0
x466	0	0	0
x473	0	0	0
x477	0	0	0
x481	0	0	0
x493	0	0	0
x495	0	0	0
x496	0	0	0
x499	0	0	0
x502	0	0	0
x504	0	0	0
x505	0	0	0
x506	0	0	0
x507	0	0	0
x511	0	0	0
x512	0	0	0
x513	0	0	0
x514	0	0	0
x515	0	0	0
x516	0	0	0
x519	0	0	0
x522	0	0	0
x524	0	0	0
x525	0	0	0
x529	0	0	0
x531	0	0	0
x533	0	0	0
x537	0	0	0
x538	0	0	0
x543	0	0	0
x546	0	0	0
x548	0	0	0
x549	0	0	0
x556	0	0	0
x557	0	0	0
x566	0	0	0
x569	0	0	0
x574	0	0	0
x576	0	0	0
x578	0	0	0
x580	0	0	0
x582	0	0	0
x589	0	0	0
x595	0	0	0
x597	0	0	0
x601	0	0	0
x606	0	0	0
x607	0	0	0
x611	0	0	0
x612	0	0	0
x621	0	0	0
x622	0	0	0
x628	0	0	0
x630	0	0	0
x635	0	0	0
x639	0	0	0
x649	0	0	0
x651	0	0	0
x653	0	0	0
x654	0	0	0
x655	0	0	0
x656	0	0	0
x657	0	0	0
x663	0	0	0
x666	0	0	0
x670	0	0	0
x672	0	0	0
x676	0	0	0
x680	0	0	0
x681	0	0	0
x682	0	0	0
x683	0	0	0
x688	0	0	0
x692	0	0	0
x693	0	0	0
x694	0	0	0
x695	0	0	0
x698	0	0	0
x700	0	0	0
x703	0	0	0
x705	0	0	0
x707	0	0	0
x710	0	0	0
x715	0	0	0
x720	0	0	0
x721	0	0	0
x723	0	0	0
x724	0	0	0
x727	0	0	0
x728	0	0	0
x729	0	0	0
x738	0	0	0
x739	0	0	0
x740	0	0	0
x748	0	0	0
x751	0	0	0
x753	0	0	0
x757	0	0	0
x761	0	0	0
x765	0	0	0
x766	0	0	0
x768	0	0	0
x773	0	0	0
x776	0	0	0
x778	0	0	0
x779	0	0	0
x789	0	0	0
x790	0	0	0
x797	0	0	0
x799	0	0	0
x804	0	0	0
x805	0	0	0
x808	0	0	0
x812	0	0	0
x823	0	0	0
x829	0	0	0
x830	0	0	0
x831	0	0	0
x837	0	0	0
x844	0	0	0
x845	0	0	0
x846	0	0	0
x847	0	0	0
x857	0	0	0
x862	0	0	0
x863	0	0	0
x865	0	0	0
x867	0	0	0
x869	0	0	0
x872	0	0	0
x873	0	0	0
x874	0	0	0
x877	0	0	0
x883	0	0	0
x884	0	0	0
x887	0	0	0
x888	0	0	0
x890	0	0	0
x899	0	0	0
x902	0	0	0
x903	0	0	0
x905	0	0	0
x909	0	0	0
x912	0	0	0
x920	0	0	0
x923	0	0	0
x927	0	0	0
x930	0	0	0
x933	0	0	0
x936	0	0	0
x943	0	0	0
x950	0	0	0
x955	0	0	0
x956	0	0	0
x959	0	0	0
x960	0	0	0
x962	0	0	0
x963	0	0	0
x964	0	0	0
x966	0	0	0
x967	0	0	0
x981	0	0	0
x990	0	0	0
x998	0	0	0
x999	0	0	0

